id	label	x	y	cluster	weight<Links>	weight<Total link strength>	weight<Occurrences>	score<Avg. pub. year>	score<Avg. citations>	score<Avg. norm. citations>
10	0	-0.761	0.3585	3	203	577	52	2021.6538	49.4615	1.9506
47	3-d placement	1.1677	-0.3597	2	62	84	8	2021.125	51.5	1.9093
92	5g	0.1856	0.3147	3	560	3044	328	2021.8384	49.2317	1.8403
111	5g mobile communication	0.2629	0.1385	3	418	1572	136	2021.9338	44.3529	1.5825
119	5g networks	0.1908	0.5909	3	160	296	28	2021.3929	76.75	1.6789
153	6g	0.3065	0.2626	3	324	1065	91	2023.033	51.9011	2.8334
160	6g mobile communication	0.399	0.1038	3	241	688	55	2022.7273	49.6364	2.5554
208	acceleration	-0.0999	-0.5439	1	115	164	20	2022.35	23.7	1.4285
212	accelerator	-0.5792	-0.7995	1	71	104	12	2021.6667	26.0833	1.0267
220	access	0.6486	0.0278	2	273	726	78	2021.6026	42.8846	1.2755
223	access control	-1.0237	0.3195	4	172	526	60	2021.9833	28.3333	0.9678
240	access-control	-1.1323	0.2782	4	153	372	39	2022.1282	43.5385	1.644
247	accidents	-0.1707	0.0581	1	57	78	7	2022.4286	45.8571	1.1945
255	accuracy	-0.0191	-0.6827	1	321	1005	102	2024.5196	2.049	0.4789
278	acoustics	-0.4429	-0.843	1	64	92	13	2023.8462	4.6923	0.2525
310	activity recognition	-0.7873	-0.5634	1	99	178	36	2019.3333	40.8889	0.7878
321	actuators	-0.0842	0.1957	3	62	77	7	2021.5714	13.5714	0.6607
329	ad hoc networks	-0.0334	0.3811	3	161	285	24	2021.4583	29.375	0.8835
341	adaptation models	0.0614	-0.6774	1	261	842	79	2023.4557	15.481	0.9817
441	admission control	0.9949	0.133	2	59	84	8	2021.875	15	0.9615
442	admm	1.2171	0.2541	2	70	113	13	2021.7692	43.6923	1.6749
492	aerial computing	1.0984	0.2424	2	108	211	16	2024.0625	15.5625	1.5866
531	age	0.7744	-0.3556	2	143	346	32	2023.1875	12.9062	0.9299
534	age of information	0.8325	-0.2998	2	118	238	31	2023.3226	11.8065	0.8194
535	age of information (aoi)	0.8377	-0.3733	2	131	308	28	2023.3929	10.7143	0.8906
554	aggregation	-0.4945	0.19	4	129	233	30	2021.9	21.7333	0.9457
577	agriculture	-0.7611	-0.2053	1	113	250	29	2021.5862	43.6207	1.1674
589	ai	-0.3914	-0.0103	3	216	530	52	2022.9231	36.8846	1.9037
622	aiot	-0.464	-0.2228	1	49	76	12	2022.6667	13.8333	0.7473
673	algorithm	0.2083	0.1465	5	559	2829	383	2022.0261	22.2977	0.9715
684	algorithms	0.0248	0.0219	5	299	755	93	2021.5376	27.2581	1.3655
692	allocation	0.5951	0.2932	2	590	3810	436	2022.5642	24.4427	1.076
709	altitude	1.1493	-0.1057	2	75	109	10	2022.9	24.2	1.4882
761	analytical models	0.1812	-0.4241	1	147	320	35	2022.6	10.8	0.6388
765	analytics	-0.3852	0.0378	1	228	590	69	2021.6087	42.9565	1.322
830	anomaly detection	-0.7897	-0.332	1	255	725	103	2022.4272	23.6214	1.143
837	anonymity	-1.0513	0.5467	4	56	104	14	2021.5	14.3571	0.4632
840	anonymous authentication	-1.2093	0.0803	4	49	81	9	2022.1111	9.1111	0.2588
852	ant colony optimization	0.4138	0.403	5	84	111	15	2021.8667	16.6667	0.5903
914	application placement	0.213	0.8464	5	82	143	13	2022.3077	63.3846	2.2297
949	approximate computing	-0.1848	-0.8649	1	88	153	19	2021.9474	18.6316	0.8802
955	approximation algorithm	0.7452	-0.2107	2	55	79	9	2022.3333	19.8889	0.9264
956	approximation algorithms	0.7664	-0.102	2	212	481	45	2022.4889	22.8444	1.1455
967	ar	-0.2451	0.6348	3	70	90	7	2021.4286	36.5714	1.3215
979	architecture	-0.2476	0.4202	3	630	3919	412	2021.6019	51.3447	1.4523
982	architectures	-0.4284	0.1082	3	168	296	29	2022.2069	42.7586	1.8857
1007	array signal processing	1.0479	-0.724	2	134	389	32	2023.3125	16.5312	0.9276
1026	artificial intelligence	-0.3785	-0.2572	1	575	3008	324	2022.5957	45.9969	1.9374
1027	artificial intelligence (ai)	-0.4365	-0.1151	1	303	778	69	2022.4928	58.913	2.7183
1038	artificial intelligence of things (aiot)	0.1654	-0.7532	1	71	114	15	2023.6667	13.8667	1.4561
1050	artificial neural networks	-0.0403	-0.6261	1	168	316	33	2022.8182	32.5455	0.8516
1061	artificial-intelligence	-0.4794	0.0093	3	250	652	66	2022.7879	43.5758	2.595
1063	as-a-service	-0.4956	0.519	3	56	84	8	2021.125	134.625	2.4342
1079	assignment	0.8941	0.0911	2	133	247	30	2021.7	51.5	1.103
1090	association	0.4755	-0.3524	2	134	239	24	2022.4167	35.0833	1.3624
1122	atmospheric modeling	0.4111	-0.6749	2	70	88	9	2023	20.2222	0.808
1129	attack	-0.9168	0.3136	4	85	156	21	2021.8095	12.4762	1.0448
1130	attack detection	-1.0141	-0.0165	4	81	156	17	2022.3529	37.1765	2.338
1144	attacks	-0.7115	0.2819	4	209	507	60	2022.0333	41.3667	1.4925
1148	attention mechanism	-0.0067	-0.4615	1	62	83	15	2023.2667	22.1333	1.9962
1171	attribute-based encryption	-1.2437	0.2386	4	63	196	28	2022.2143	16.9286	0.6579
1183	auction	0.2958	0.1805	4	103	175	23	2021.913	27.2174	0.998
1212	augmented reality	-0.5132	-0.043	3	115	209	21	2021.9048	42.1429	1.1584
1224	authentication	-0.9298	0.1888	4	368	1831	226	2022.1681	31.7743	1.1589
1233	authentication protocol	-0.9426	0.3849	4	85	145	15	2022	13.2	1.184
1234	authentication scheme	-0.7826	0.477	4	121	215	21	2021.5714	58.381	1.9088
1237	authorization	-1.4554	-0.0067	4	43	82	8	2022	25.125	0.7556
1248	autoencoder	-0.7048	-0.6642	1	66	94	12	2022.5833	20.6667	0.8174
1290	automation	-0.4901	0.4133	3	152	281	27	2022.5926	14.7407	0.8785
1294	automobiles	-0.0399	0.0524	1	102	160	14	2022.2857	27.1429	1.1902
1305	autonomous aerial vehicle (aav)	0.7778	-0.2929	2	59	90	7	2025	0.8571	0.8237
1309	autonomous aerial vehicles	1.0447	-0.2349	2	419	2602	205	2024.0439	10.9317	1.4646
1320	autonomous driving	0.1007	-0.1863	1	83	117	13	2021.6154	54	1.7452
1340	autonomous vehicles	0.0722	-0.2297	1	182	331	37	2022.8108	17.4324	1.0607
1354	availability	-0.6503	0.8083	3	75	143	19	2020.7895	44.1579	0.846
1371	aware	0.1264	0.6335	5	228	593	72	2022.7361	22.5	1.1643
1417	backscatter	0.6864	-0.6582	2	87	162	19	2023.0526	14.1579	0.929
1445	bandwidth	0.4668	-0.1802	6	307	1016	94	2022.5426	30.0532	1.181
1446	bandwidth allocation	0.5453	0.0422	3	99	152	17	2022.3529	16.3529	1.087
1468	base stations	0.9305	0.3965	2	163	383	34	2022.1471	44.2353	1.8678
1478	batch verification	-0.7784	0.5171	4	67	98	9	2022.8889	13.4444	1.6647
1481	batteries	0.4964	-0.5433	2	212	510	44	2022.3409	25.3636	1.35
1503	bayes methods	0.0702	-0.4279	1	73	101	11	2022.7273	11.7273	0.4474
1557	behavior	-0.4812	-0.4219	1	50	70	16	2020.875	27.1875	0.5562
1564	behavioral sciences	-0.3508	-0.11	1	73	102	10	2023.1	13.8	1.1035
1572	benchmark testing	-0.273	-0.8041	1	70	88	11	2021.7273	6.5455	0.3505
1621	big data	-0.5868	0.1457	3	517	2500	286	2021.1119	53.1154	1.6399
1625	big data analytics	-0.6557	0.1772	3	200	424	39	2021.6923	58.359	1.8216
1636	big-data	-0.3887	0.5854	3	63	77	9	2022	55.5556	1.9596
1689	biological system modeling	-0.1711	-0.4008	1	134	269	28	2023.1786	19	0.9003
1695	biomedical monitoring	-0.7012	-0.7236	1	104	179	19	2022.8421	29.5789	1.5476
1764	blockchain	-0.6181	0.4692	4	658	6106	700	2022.3529	39.9943	1.6711
1787	blockchain technology	-1.0407	0.1673	4	67	101	13	2022.2308	75.6154	2.774
1800	blockchains	-0.6679	0.4983	4	364	1789	152	2023.2237	17.0526	1.3779
1812	bluetooth	-0.0073	-0.7332	1	67	98	14	2021.6429	18.1429	0.7927
1849	botnet	-0.5316	0.14	6	60	94	9	2022	58.5556	3.3838
1931	buildings	0.0075	-0.3433	1	93	127	14	2022.5714	21.4286	1.1715
1966	cache	0.2293	0.2205	6	59	85	11	2022	56.5455	1.6452
1988	caching	0.2119	0.6508	3	168	347	35	2021.8	54.2	1.9049
2003	calibration	-0.2137	-0.9466	1	63	88	12	2022.5	14.3333	0.5199
2012	cameras	-0.1316	-0.7599	1	184	470	59	2022.2712	17.7627	0.7233
2030	capacity	0.6402	-0.6444	2	58	71	12	2020.75	18.4167	0.8502
2061	care	-0.9974	-0.2625	1	68	120	18	2021.1667	31.5	1.1903
2122	cellular network	0.2806	0.0662	3	63	76	8	2021.75	25.375	1.2225
2123	cellular networks	0.3389	-0.0235	2	219	441	38	2021.4211	137.9211	2.6234
2172	challenges	-0.2727	0.1958	3	686	4391	465	2021.7935	39.9247	1.5125
2179	channel	0.6419	-0.412	2	117	194	28	2021.5357	24.4643	0.9402
2181	channel allocation	0.917	-0.2766	2	82	135	13	2022.2308	26.8462	1.0652
2190	channel estimation	0.9816	-0.596	2	111	163	20	2023.15	9.7	0.5639
2288	cities	-0.6982	0.3554	3	87	170	19	2020.4211	31.2105	0.8688
2291	city	-0.8673	-0.1641	1	92	158	22	2021.0455	59.5	1.945
2305	classification	-0.6392	-0.4774	1	284	755	113	2021.7876	34.885	1.2159
2307	classification algorithms	-0.6033	-0.5012	1	89	123	10	2022.7	17.5	1.0821
2327	client selection	0.2237	0.0861	3	55	94	11	2023.3636	30.6364	1.9827
2344	clocks	0.311	-0.4478	1	71	103	11	2023	4.8182	0.3453
2354	cloud	-0.2392	0.4734	3	742	6435	701	2021.388	59.6776	1.4745
2365	cloud computing	-0.2023	0.3387	3	897	12816	1271	2021.9009	39.4107	1.4185
2412	cloud storage	-1.0263	0.4987	4	71	133	17	2022.5294	29.8824	1.208
2428	cloud-edge computing	-0.696	0.2042	4	95	160	29	2022.4138	32.2759	1.4631
2471	cloudlet	-0.0726	0.6447	3	130	246	23	2020.4348	129.2174	2.6614
2479	cloudlets	0.1182	0.3115	3	140	273	24	2019.9583	111.2083	1.9246
2498	clustering	-0.0584	0.3485	5	165	302	42	2022.1667	15.6905	0.5904
2500	clustering algorithms	0.2285	-0.0257	5	182	373	36	2023	12.0833	0.8278
2512	cnn	-0.5384	-0.7563	1	95	183	35	2022.5429	11.1429	0.489
2540	coalition game	0.8394	0.455	6	66	79	7	2023	15	0.7919
2568	codes	0.2073	-0.376	2	70	100	16	2022.25	6.4375	0.3432
2599	cognitive radio	0.7776	0.0922	2	108	169	19	2021.1053	19	0.6916
2618	collaboration	0.4741	-0.2909	5	403	1685	150	2023.1533	19.1533	1.1954
2637	collaborative computing	0.2361	-1.1165	7	56	87	10	2021.9	20.8	0.7863
2643	collaborative edge computing	0.6087	0.0602	5	85	145	20	2022.25	27.6	1.2693
2650	collaborative inference	0.1689	-0.8244	1	55	80	11	2023.5455	13.2727	0.877
2683	collaborative work	-0.6754	-0.5815	1	176	500	49	2021.6531	64.2449	2.8491
2699	collision avoidance	0.14	-0.3565	1	69	77	8	2022.25	33.5	1.6384
2745	communication	0.5184	-0.2396	2	636	4326	438	2022.2123	40.9269	1.5823
2762	communication efficiency	-0.2265	-0.9032	1	69	120	14	2022.8571	43.5	2.276
2768	communication networks	-0.1057	-0.0996	4	74	103	11	2021.5455	16.6364	0.8165
2780	communication system security	0.3215	-0.6239	2	95	160	16	2021.6875	25.75	1.8942
2783	communication technologies	-0.4424	0.6754	3	90	123	9	2021.1111	52.5556	1.5956
2790	communication-networks	1.1031	-0.1924	2	72	93	9	2022.4444	44.5556	2.5442
2846	complexity theory	0.4817	-0.4438	2	173	335	27	2023.5185	15.7037	0.7651
2857	comprehensive survey	-0.4703	0.6219	3	124	216	17	2021.8235	92.2941	3.1689
2862	compression	-0.14	-0.621	1	125	208	28	2021.8929	26.6429	0.7897
2871	computation	0.7596	-0.1554	2	371	1410	152	2022.3947	41.0658	1.2651
2880	computation efficiency	0.3587	-0.8492	1	67	99	10	2022.6	40.7	1.5345
2891	computation offloading	0.9776	0.262	2	496	3794	417	2022.1463	52.4436	1.6837
2895	computation offloading method	0.398	0.8488	5	63	112	9	2021.7778	53.6667	1.8629
2904	computation rate maximization	1.1687	-0.3169	2	158	446	44	2022.5	42.5455	1.587
2928	computational efficiency	0.2007	-0.475	1	198	430	39	2023.9231	6.4103	0.8168
2939	computational modeling	0.2782	-0.4104	1	790	8890	810	2022.8716	30.416	1.3856
2941	computational offloading	0.6201	0.3935	2	135	271	32	2022.7812	24.6875	1.3228
2969	computer architecture	-0.1993	0.1783	3	659	3987	348	2022.3218	30.3477	1.2692
2971	computer crime	-0.3023	0.2293	6	94	169	15	2023.3333	63.6	3.885
2978	computer science	0.0152	0.3862	3	81	110	10	2022.7	22.5	1.2919
2979	computer security	-0.9223	-0.1767	4	57	77	8	2021.375	63	3.2688
2982	computer vision	-0.4606	-0.5908	1	115	195	33	2022.4848	15.8182	1.0749
2986	computing	0.0379	0.1796	3	85	127	14	2022.4286	45.6429	1.5814
2990	computing architecture	-0.574	0.3797	5	71	100	9	2021.8889	12	0.6026
2993	computing continuum	-0.4927	1.0278	3	48	79	9	2023.7778	20.8889	1.7954
3008	computing offloading	1.074	0.1314	2	102	193	26	2022.5769	49.2308	1.9048
3121	connected vehicles	0.1639	-0.1371	1	246	588	65	2022.3077	34.6769	1.2545
3126	connectivity	0.4822	-0.1308	2	71	91	11	2021.7273	21.6364	1.0478
3131	consensus	-0.3445	0.4997	4	157	356	37	2022.1622	61.9459	1.8045
3132	consensus algorithm	-0.9571	0.7064	4	63	126	16	2023.4375	16.0625	1.0164
3134	consensus mechanism	-0.6347	0.5737	4	59	95	10	2022.6	9.8	0.4988
3139	consensus protocol	-0.3995	0.6843	4	79	144	13	2023.6154	4.0769	0.9935
3147	consortium blockchain	-0.1129	0.7033	4	70	99	9	2021.2222	94	2.2905
3179	consumer electronics	-0.2167	-0.2979	1	121	213	23	2024	8.8261	1.1549
3184	consumption	-0.1658	-0.0792	1	129	229	28	2021.1429	31.4643	1.1062
3194	container	-0.3147	0.8343	3	75	168	24	2022	12.2917	0.5723
3222	containerization	-0.2618	0.7356	3	59	78	8	2021.5	24.125	0.7192
3224	containers	-0.2197	0.5992	3	190	517	53	2022.1509	17.6226	0.7577
3231	content caching	0.4664	0.8005	3	87	133	14	2022	64.5	3.1856
3234	content delivery	0.2331	0.7808	3	75	94	12	2021.8333	86.75	2.3264
3258	context	-0.7485	-0.0279	3	88	133	18	2021.4444	25.2222	0.9119
3272	context-aware	-0.6097	0.5226	3	57	80	11	2020.8182	37.7273	1.109
3318	contract theory	0.9233	0.5023	6	93	174	15	2022.8667	42.9333	1.5782
3321	contracts	0.8413	0.7051	6	102	223	18	2022.6667	28.1667	1.2666
3334	control systems	0.1479	-0.0598	1	67	96	10	2022.7	27.4	1.0656
3350	convergence	0.2264	-0.7913	1	215	723	72	2023.1111	23.0278	1.4113
3365	convex optimization	1.0979	0.0444	2	111	192	18	2022.3333	86.0556	2.5702
3374	convolution	-0.2921	-0.9519	1	71	140	18	2022.4444	13.8333	0.5464
3391	convolutional neural network	-0.4996	-0.4683	1	92	143	33	2022.8485	12.2424	0.6655
3392	convolutional neural network (cnn)	-0.3798	-0.8303	1	82	124	16	2022.375	27.5	1.2741
3394	convolutional neural networks	-0.3281	-0.8124	1	175	363	45	2023.0444	13.9778	0.7911
3398	convolutional neural-network	-0.3725	-0.5682	1	95	142	16	2021.8125	93.75	2.7367
3399	convolutional neural-networks	-0.5682	-0.4807	1	52	70	10	2021.6	72.7	2.0305
3406	cooperation	1.1605	0.0895	2	123	237	24	2021.875	35.9167	1.4129
3476	core network	-0.2631	0.7023	3	58	82	7	2021.1429	49	1.9979
3488	correlation	-0.0289	-0.5909	1	115	159	18	2022.8333	23.2222	1.1019
3501	cost	0.1945	0.6937	5	158	367	43	2021.7674	42.6744	1.129
3525	costs	0.4711	0.1409	5	511	2845	249	2023.7149	11.3092	1.2854
3544	coverage	0.7053	-0.1273	2	96	138	13	2021.6154	20.6923	0.9822
3556	covid-19	-0.8922	-0.3059	1	125	234	40	2021.8	27.5	1.009
3684	crowdsensing	-0.0453	0.1012	4	114	186	20	2021.85	26.4	0.9292
3688	crowdsourcing	-0.0401	-0.0987	1	90	141	18	2020.6111	49.9444	1.2531
3704	cryptography	-0.9299	0.2684	4	194	610	67	2022.0299	34.209	1.2556
3761	cyber security	-0.887	0.0424	4	118	208	23	2021.6087	78.087	1.5645
3780	cyber-physical system	-0.8466	0.0649	4	84	106	13	2022.7692	40.0769	2.407
3783	cyber-physical systems	-0.6913	0.1408	3	185	404	48	2021.4583	37.25	1.4684
3789	cyber-security	-1.0835	-0.0169	4	86	136	13	2022.1538	62.4615	2.0664
3793	cyberattack	-1.1172	-0.1869	4	52	76	8	2022.75	19	1.0709
3802	cybersecurity	-0.9946	-0.1038	4	168	373	44	2023.1136	35.8636	1.3239
3811	cybertwin	-0.0728	-0.3066	3	73	99	7	2022.5714	34	1.6009
3850	data acquisition	0.4289	-0.5806	2	73	89	9	2021.5556	24.7778	1.5985
3852	data aggregation	-0.886	0.1573	4	164	414	48	2021.7083	60.9167	1.3034
3853	data aggregation scheme	-1.0249	0.2539	4	66	108	10	2021.5	34.3	1.2382
3856	data analysis	-0.713	-0.3492	1	112	218	32	2021.8125	27.5	1.1541
3857	data analytics	-0.8228	0.2169	3	224	596	65	2021.5538	49.6769	1.6713
3877	data centers	0.1839	0.5238	3	130	243	24	2021.4167	21.7917	0.7368
3884	data collection	0.191	0.0314	4	161	323	36	2021.9444	29.7778	0.9635
3886	data communication	-0.0389	0.1457	3	115	191	19	2021.4737	29.9474	1.1547
3892	data compression	-0.0267	-0.9128	1	69	116	22	2022.0909	14.4545	0.3921
3910	data dissemination	-0.088	0.4745	3	77	88	11	2020.0909	80.6364	2.5665
3934	data fusion	-0.709	-0.0931	1	121	199	24	2021.9167	36.3333	1.1373
3948	data integrity	-0.6	0.223	4	98	183	22	2023.0455	15.3636	0.8151
3962	data management	-0.5724	0.982	5	52	86	10	2022.9	18.6	1.3499
3967	data mining	-0.3051	-0.3622	1	170	343	42	2022.2381	16.2857	0.5587
3971	data models	-0.2192	-0.6388	1	495	2970	292	2023.1438	29.3562	1.5822
3978	data offloading	0.4038	0.6168	2	83	127	17	2021.8235	18.7647	0.7492
4001	data privacy	-0.8247	-0.0843	4	312	1181	119	2022.5462	43.4706	1.9868
4006	data processing	-0.2379	-0.1063	4	171	320	34	2022.3235	22	0.8524
4021	data reduction	-0.4688	-0.6382	1	59	80	9	2022.8889	24.2222	1.0342
4040	data security	-1.161	0.3486	4	107	225	28	2022.3929	87.0714	1.9773
4051	data sharing	-0.8873	0.4994	4	117	239	26	2022.6923	31.9615	1.5333
4096	data-collection	0.5362	-0.0872	2	168	323	38	2022.1316	29.5526	1.1569
4119	data-management	-0.5149	0.3732	3	58	79	7	2021.2857	71	1.9312
4129	databases	-0.3294	-0.5972	1	76	97	12	2022.6667	6.6667	0.2585
4188	decentralized	-0.5783	-0.3587	4	62	82	7	2022.4286	17.7143	0.7301
4223	decision	0.6872	0.9803	6	52	79	8	2022.375	23.875	1.2184
4225	decision making	0.4019	0.3329	6	195	401	39	2022.6667	22.0769	1.2212
4236	decision-making	-0.6856	-0.0382	3	104	152	18	2022.1111	17.1111	1.1671
4241	decoding	0.5734	-0.603	2	114	202	19	2022.7895	8.7368	0.7724
4254	deep	-0.2439	-0.327	1	201	466	52	2022.3846	76.6346	2.5121
4270	deep deterministic policy gradient	1.2831	0.1169	2	56	83	10	2023.1	25.1	1.3419
4271	deep deterministic policy gradient (ddpg)	1.0761	0.3834	2	97	192	16	2023.25	44.4375	2.0548
4279	deep learning	-0.4325	-0.5605	1	568	2993	404	2022.4233	38.0099	1.4006
4280	deep learning (dl)	-0.2744	-0.5264	1	207	403	43	2022.6047	45.2093	2.0607
4283	deep learning approach	-0.9612	-0.442	1	66	106	12	2022.3333	55.25	2.1559
4308	deep neural network	0.2349	-0.8682	1	92	154	20	2022.05	26.45	1.1683
4309	deep neural network (dnn)	0.6172	-0.0352	6	65	96	9	2021.3333	54.8889	1.4756
4322	deep neural networks	-0.3336	-0.7591	1	91	164	27	2022.037	29.2963	1.4506
4324	deep neural networks (dnns)	-0.3229	-0.8916	1	53	75	10	2022.3	24.8	1.1253
4334	deep q-network	0.9949	0.5118	2	58	86	11	2023.3636	12.7273	1.2365
4340	deep reinforcement learning	0.6869	0.2934	2	426	2182	273	2023.2564	23.1429	1.5167
4342	deep reinforcement learning (drl)	0.9246	-0.0736	2	382	1800	181	2023.0497	31.7569	1.6223
4391	delay	0.6733	0.4651	5	277	912	99	2021.7374	22.1717	0.7813
4402	delay minimization	0.9618	-0.3707	2	106	202	16	2023.4375	9.5	0.7311
4421	delay-minimization	1.2556	-0.1414	2	68	103	9	2021.3333	92.6667	2.0913
4435	delays	0.8819	0.1905	2	605	5329	457	2022.7615	25.1816	1.3485
4443	delivery	0.3367	0.7649	3	118	226	29	2021.7931	42.2759	1.2963
4445	demand	-0.394	-0.1513	1	82	125	13	2021.2308	28	0.9072
4448	demand response	-0.4585	-0.2697	1	96	147	15	2021.2	44.4	1.2899
4466	denial-of-service attack	-0.0147	0.4188	6	65	105	8	2023.375	12.625	1.953
4480	dependability	-0.7558	0.7643	3	55	81	10	2021.3	36	1.3926
4496	deployment	0.5004	0.2786	2	243	621	65	2022.1692	39.8154	1.6828
4513	design	0.2816	-0.3455	2	581	3238	384	2022.026	35.9896	1.3624
4535	detection framework	-1.0005	0.0784	3	61	84	6	2023	43.1667	2.9071
4539	detection system	-0.8517	-0.4068	1	81	144	18	2021.6667	37.8333	1.71
4543	detectors	-0.0691	-0.7651	1	60	96	11	2022.8182	10.5455	0.4525
4556	device	-0.411	-0.6116	1	98	148	25	2022.04	58.04	1.2806
4594	device-to-device (d2d)	1.1111	0.0942	2	62	87	9	2022.6667	12.1111	0.6803
4600	device-to-device communication	0.8258	0.1555	2	143	315	30	2022.9667	31.2333	1.5716
4604	devices	-0.4833	-0.1408	1	182	355	44	2022.1818	36.0909	1.3914
4608	devops	-0.8651	0.6046	3	53	81	10	2021.5	20.5	0.893
4609	dew computing	-0.358	0.7722	3	66	108	13	2022.0769	19	0.7654
4615	diagnosis	-0.8822	-0.3519	1	111	207	29	2022.2069	27.6897	1.3347
4634	differential evolution	0.9537	0.3197	5	82	135	16	2021.9375	18.375	0.893
4640	differential privacy	-0.7095	-0.2201	4	164	417	54	2022.537	30.6296	1.4226
4641	differential privacy (dp)	-0.9093	-0.5001	4	50	74	8	2022.125	56.625	1.635
4685	digital twin	0.0649	0.0579	3	280	845	95	2023.1684	35.2105	1.8676
4686	digital twin (dt)	0.6671	0.1951	6	149	325	31	2023.8065	25.3226	2.0208
4700	digital twins	0.0854	0.0192	3	177	406	39	2023.8974	39.5641	2.4999
4723	directed acyclic graph	0.3416	0.6312	5	59	80	12	2023.5	9.9167	0.89
4758	disasters	1.3228	-0.2348	2	55	78	6	2024.1667	5.3333	0.9359
4766	discovery	-0.3129	-0.0559	3	95	136	16	2020.8125	23.875	0.7301
4799	dispatching	0.8126	-0.0667	5	55	76	8	2022.625	24.625	1.01
4830	distributed algorithms	0.3486	-0.7175	6	59	84	9	2020.4444	31.5556	0.6886
4857	distributed computing	-0.0099	0.1123	3	192	440	49	2021.8776	26.5102	0.8749
4873	distributed databases	-0.4069	-0.3057	1	174	423	45	2022.6	30.9778	1.4524
4918	distributed learning	-0.5238	-0.7108	1	77	153	19	2022.3684	21.3158	1.1735
4921	distributed ledger	-0.5138	0.6122	4	63	107	12	2021.8333	24	0.963
4928	distributed machine learning	-0.7691	-0.6175	1	64	90	19	2022.8421	82.7368	1.5119
4948	distributed optimization	0.6588	0.8559	5	80	141	14	2022.7857	18.2143	1.0822
4980	distributed systems	-0.2374	0.3746	5	126	241	31	2022.3548	58.9032	1.6057
5026	dnn inference	0.4149	-0.2975	5	77	106	14	2023.4286	9.2143	0.9224
5040	docker	-0.4984	0.6699	3	100	209	28	2021.5714	25.7857	0.6658
5067	double auction	1.1604	0.8847	6	52	83	9	2022.3333	28.7778	1.26
5088	downlink	0.7092	-0.4142	2	131	230	23	2022.3478	29.6522	1.4699
5107	driven	0.4249	0.1537	5	67	80	6	2022.1667	19.5	0.5769
5126	drl	0.6837	0.1478	2	102	183	19	2023.7368	12.8947	1.653
5136	drones	-0.0743	-0.0493	4	194	404	40	2022.325	32.675	1.5022
5281	dynamic scheduling	0.6937	0.3974	5	274	988	82	2023.6341	16.2927	1.1161
5369	eavesdropping	1.0708	-0.8083	2	60	109	11	2023.2727	5.7273	0.7448
5404	ecosystems	-0.2923	0.1558	3	116	177	19	2022.0526	33.4211	1.0849
5405	edge	0.2115	0.4268	3	677	5223	561	2022.4153	25.8824	1.1301
5408	edge ai	-0.7245	-0.6136	1	123	260	28	2022.75	44.4286	2.7611
5420	edge caching	0.1323	0.2399	3	110	179	22	2022.1364	32.0455	1.5018
5422	edge cloud	0.0622	0.8073	3	101	155	20	2021.8	52.5	1.7775
5438	edge computing	-0.2388	0.048	1	995	27897	3742	2022.0973	31.7397	1.1225
5439	edge computing (ec)	-0.1305	-0.1905	1	233	650	76	2022.6974	26.6974	1.2122
5465	edge computing systems	0.6402	0.1678	2	93	118	10	2022.4	53.2	1.8226
5489	edge devices	-0.4881	-0.7756	1	86	125	22	2022.7727	16.0909	0.7559
5503	edge intelligence	-0.1028	-0.3971	1	336	1040	115	2022.7652	47.2522	1.8278
5504	edge intelligence (ei)	0.0543	-0.607	1	62	79	7	2022.5714	25.2857	1.4182
5552	edge server	0.3975	0.6984	6	55	78	11	2022.2727	37.1818	1.095
5596	edge-cloud	0.109	-0.0914	1	73	97	12	2022.8333	10.6667	0.738
5598	edge-cloud collaboration	0.3741	-0.25	6	72	110	18	2022.7778	20.5	0.8601
5603	edge-cloud computing	0.3157	0.3063	5	80	139	18	2022.0556	18.9444	1.0059
5613	edge-computing	-0.7539	-0.1108	1	98	138	20	2022.05	26.35	0.7809
5674	efficiency	0.5642	-0.3481	2	201	396	46	2022.2609	24.8478	1.1566
5677	efficient	-0.4674	0.3303	4	482	2179	245	2022.1429	32.9592	1.2935
5697	efficient resource-allocation	0.8213	-0.172	2	124	228	22	2022.2273	27.5455	0.9451
5710	ehealth	-0.2941	-0.0851	3	72	106	10	2021.8	19	0.8753
5756	electric vehicles	-0.0421	0.2315	1	106	165	19	2021.3684	39.1579	1.4072
5806	electronic mail	0.1614	0.1912	5	88	124	11	2023.5455	7.8182	1.5864
5825	elliptic curve cryptography	-0.903	0.4149	4	76	149	22	2020.7727	31	1.2456
5860	embedded systems	-0.6619	-0.6797	1	91	165	24	2021.7083	20.9583	0.6451
5909	emotion recognition	-0.523	-0.8348	1	58	91	13	2021.6923	34.7692	1.0547
5926	enabled internet	0.1661	1.0614	5	67	108	8	2022.25	57.375	1.992
5931	enabling technologies	-0.5606	0.1781	3	169	328	28	2021.3571	166.4643	4.6383
5933	encoding	0.1611	-0.3919	2	94	156	19	2022.5789	9.2632	0.5675
5938	encryption	-0.9788	0.1518	4	243	906	108	2022.4352	24.1667	1.2731
5970	energy	0.3904	0.2261	2	495	2273	257	2021.9027	41.2802	1.3602
5984	energy consumption	0.8682	-0.087	2	597	5197	459	2022.8235	27.2593	1.4369
5997	energy efficiency	0.3694	-0.4147	2	496	2184	245	2022.1551	27.4857	1.1137
5998	energy efficiency (ee)	0.6233	-0.1638	2	63	84	9	2022.6667	30.3333	1.8534
6003	energy efficient	0.617	-0.4704	2	77	124	15	2023	19.8	1.3126
6022	energy harvesting	0.5433	-0.5471	2	244	726	80	2021.975	32.5125	1.2777
6023	energy harvesting (eh)	0.9225	-0.6602	2	117	266	25	2022.4	33.24	1.2329
6032	energy management	-0.3087	0.1101	1	192	423	44	2021.2955	38.7955	1.6044
6039	energy minimization	0.9402	-0.4902	2	82	153	17	2022.2941	27.9412	0.9853
6051	energy saving	0.8459	0.8987	9	51	78	11	2021.4545	35	1.0234
6080	energy-consumption	0.4659	0.0922	5	120	196	18	2021.8333	35.0556	1.3908
6085	energy-efficiency	0.1413	-0.2035	1	115	163	17	2021.5882	33.1176	0.821
6086	energy-efficient	0.4329	0.463	2	277	885	93	2022.1398	27.4516	1.2087
6114	engines	-0.2288	0.155	3	61	86	10	2022.6	7.1	0.3761
6131	ensemble learning	-0.8644	-0.4761	1	76	122	14	2022.5714	34.5714	1.1836
6151	entropy	-0.1356	-0.1323	5	88	116	13	2021.5385	24.4615	1.6716
6157	environment	-0.5813	0.7122	3	139	261	23	2022.087	39.4348	1.4268
6225	estimation	0.0415	-0.804	1	175	337	40	2022.8	19.475	0.9112
6283	evolutionary algorithm	0.7312	0.6939	5	77	138	16	2022.3125	25.125	1.0167
6285	evolutionary algorithms	0.1509	0.7373	5	61	84	7	2022.2857	26.5714	1.2616
6286	evolutionary computation	0.2983	0.3718	5	68	109	13	2023.0769	17.7692	1.0953
6304	execution	0.4451	0.621	3	53	79	8	2019.5	58.25	0.8945
6362	extreme edge	-0.763	0.2177	3	60	85	7	2021.5714	24.8571	0.8357
6387	face recognition	-0.5591	-0.6681	1	89	141	25	2021.48	22.4	0.8405
6409	fading channels	1.018	-0.2848	2	81	146	14	2022.3571	68.4286	1.7977
6422	fairness	1.2723	0.2333	2	122	259	27	2021.3704	36.6667	1.3544
6427	fall detection	-0.5501	-0.545	1	57	83	11	2021.4545	39.0909	1.1009
6454	fault detection	-0.8468	-0.3428	1	69	121	15	2022	22.6667	1.0111
6457	fault diagnosis	-0.7062	-0.465	1	77	104	14	2023.1429	20.5714	1.7302
6464	fault tolerance	-0.5705	0.5645	4	128	281	29	2022.8966	11.5517	0.8286
6465	fault tolerant systems	-0.5384	0.559	4	119	245	22	2023.2273	13.1364	1.2472
6466	fault-detection	-0.838	-0.5594	1	63	94	12	2023	27.4167	0.8448
6467	fault-diagnosis	-1.0155	-0.3179	1	52	83	14	2022.5714	19.9286	1.0604
6468	fault-tolerance	-0.3666	0.8642	3	67	89	10	2021.1	29.6	1.0012
6490	feature extraction	-0.3796	-0.655	1	332	1128	133	2023.0075	16.2782	0.8552
6503	feature selection	-0.8498	-0.2081	1	55	83	11	2021.3636	11.7273	0.4102
6509	features	-0.6683	-0.7523	1	66	96	20	2021.45	30.6	0.7874
6535	federated learning	-0.2271	-0.5333	1	407	2332	320	2023.2469	35.7781	1.6767
6536	federated learning (fl)	-0.2041	-0.3644	1	282	1027	108	2023.2315	42.2315	2.6883
6595	field programmable gate arrays	-0.6605	-0.809	1	75	123	13	2022.1538	12.6923	0.6871
6605	fifth generation (5g)	-0.0522	0.5038	3	82	103	8	2021.625	71.375	1.6977
6756	fog	-0.311	0.7173	3	510	2642	275	2021.6836	47.7782	1.2452
6764	fog computing	-0.4449	0.7384	3	642	5451	563	2021.3943	61.9609	1.4728
6765	fog computing (fc)	-0.128	0.8912	3	64	90	7	2021.8571	35.2857	1.3443
6821	fog/edge computing	-0.661	-0.2717	1	69	94	14	2021.2143	150.2143	2.8719
6849	forecasting	-0.4277	-0.7392	1	67	104	11	2022.0909	31.1818	1.2042
6893	fourth industrial revolution	-0.652	0.0169	3	103	148	10	2023.4	36.2	3.0053
6896	fpga	-0.7879	-0.7933	1	50	93	17	2022.1765	8.1765	0.304
6917	framework	-0.3965	0.2981	3	691	4351	468	2021.9679	34.5363	1.4626
7010	fusion	-0.4849	-0.6749	1	99	131	20	2022.2	27.25	1.2841
7012	future	-0.3314	0.0586	3	303	806	79	2021.7342	49.1772	1.7153
7039	fuzzy logic	-0.3932	0.6359	3	118	225	36	2021.4167	22.8889	0.6996
7060	fuzzy-logic	-0.1001	0.5434	3	67	93	12	2021.0833	24.4167	0.9987
7080	game	0.7531	0.334	6	203	496	49	2021.7551	36	1.3474
7082	game theory	0.6365	0.5948	6	264	819	84	2021.9048	41.881	1.6739
7088	games	0.7435	0.4343	6	325	1492	131	2022.8244	24.4656	1.237
7120	gateway	-0.6575	0.6457	3	52	93	11	2020.9091	18.9091	0.5012
7147	generation	-0.4527	-0.0539	1	129	209	23	2021.5652	26.6957	1.2537
7153	generative adversarial networks	-0.6122	-0.3265	4	82	140	16	2023.6875	14.625	1.0133
7167	genetic algorithm	0.4723	0.4071	5	184	409	59	2021.8814	24.322	1.0109
7170	genetic algorithms	0.6223	0.4706	5	83	144	16	2023.25	19.875	1.3588
7202	gesture recognition	-0.5136	-0.9924	1	50	80	13	2023	16.2308	0.8749
7318	graph neural networks	0.4405	0.2236	5	64	93	14	2023.7143	2.1429	0.242
7343	graphics processing units	0.2618	-0.4665	1	70	84	9	2022.8889	8.6667	0.473
7371	green computing	0.068	-0.3482	1	109	182	20	2021.8	159.7	2.1153
7388	green products	-0.2319	-0.0648	5	68	92	8	2021.75	47.375	2.2152
7479	handover	0.7087	0.8273	2	82	126	13	2022.7692	12.3846	1.2664
7494	hardware	-0.3536	-0.4864	1	296	765	86	2022	19.4302	0.9372
7551	health	-0.6224	-0.1978	1	169	327	45	2020.8444	38.4444	1.0076
7573	health-care	-0.8078	-0.0361	3	207	495	50	2021.88	32.52	1.469
7580	healthcare	-0.9956	-0.1505	1	197	548	60	2022.2833	33.7833	1.6838
7706	heterogeneous networks	0.5546	0.4815	3	161	284	27	2021.5556	86.9259	2.2766
7738	heuristic algorithms	0.699	0.0845	2	471	2582	222	2023.4144	17.2703	1.1098
7749	hidden markov models	0.0306	-0.3926	1	85	106	10	2022.7	11.9	0.6503
7879	homomorphic encryption	-1.2495	0.1753	4	52	81	11	2022.0909	36	1.3861
7895	hospitals	-1.2414	-0.0157	4	53	78	7	2022	40.2857	1.4106
7913	human activity recognition	-0.3865	-0.7683	1	121	227	38	2023.0789	25.4211	0.891
7914	human activity recognition (har)	-0.4411	-0.9679	1	59	93	14	2022.6429	48.3571	1.7263
7968	hybrid	-0.2401	0.2316	5	60	76	11	2021.3636	35.5455	1.8553
8056	hyperledger fabric	-0.7871	0.7004	4	48	94	11	2021.5455	27	0.8739
8080	icn	-0.3487	0.5441	3	58	85	10	2022.1	22.4	0.5457
8091	identification	-0.5763	-0.2923	1	142	228	36	2021.7778	15.3889	0.8725
8114	ieee 802	0.366	-0.1873	5	69	95	9	2021.5556	28.3333	1.0622
8139	iiot	-0.4513	0.1545	3	213	484	63	2022.3968	23.873	1.2281
8153	image classification	-0.2401	-0.8272	1	64	86	12	2022.3333	25.9167	0.6822
8155	image coding	0.0768	-0.7688	1	61	90	12	2022.4167	17.5	0.7119
8165	image edge detection	-0.3168	-0.5515	1	396	1454	152	2022.5132	25.7829	1.0426
8208	impact	-0.1852	-0.4703	1	103	144	21	2021.8571	18.0476	0.8711
8222	implementation	-0.6591	-0.3639	1	151	266	34	2021.2059	23.4118	1.1103
8280	incentive mechanism	0.4084	0.5034	4	179	419	44	2022.75	23.6591	1.1849
8295	incomplete information	0.6309	0.0968	6	70	112	9	2021.8889	23.8889	0.7636
8329	indexes	0.2126	-0.1119	5	141	240	27	2022.4815	26.2963	0.8567
8352	indoor localization	-0.2844	-0.7734	1	82	130	22	2022.1364	25.3182	0.8491
8391	industrial internet	-0.2953	0.3539	3	372	1175	114	2022.2632	39.5877	1.4841
8395	industrial internet of things	-0.2787	-0.0051	4	469	2200	236	2022.8093	25.2585	1.482
8396	industrial internet of things (iiot)	-0.1859	-0.1168	4	332	1293	153	2022.4837	38.634	1.7179
8401	industrial internet of things (iot)	0.0249	-0.0446	4	82	119	12	2022.3333	35.3333	1.3622
8408	industrial iot	-0.3446	0.2536	3	173	336	37	2023.1081	24.5946	0.9117
8435	industries	-0.4731	0.1068	3	247	587	47	2021.9574	53.9149	2.0541
8437	industry 4	-0.8199	0.3088	3	163	445	40	2021.65	42.125	1.4548
8438	industry 4.0	-0.743	0.1636	3	209	543	65	2022.4769	39.1231	1.4543
8440	industry 40	-0.6314	0.4122	3	89	120	7	2021.7143	76.1429	3.4008
8442	industry 5.0	-0.333	-0.157	3	66	96	12	2023.8333	87.3333	6.3505
8459	inference	-0.4288	-0.4528	1	169	380	38	2022.8947	29.2895	1.4621
8463	inference algorithms	0.1323	-0.4509	1	104	139	13	2023.2308	26.4615	1.4158
8486	informatics	-0.2803	-0.4619	1	87	144	17	2021.2353	58.7647	1.9303
8487	information	0.4551	-0.4067	2	323	937	106	2021.8491	41.5377	1.3389
8525	information security	-1.1952	-0.1728	4	49	76	12	2021.5833	17.3333	0.5594
8539	information-centric networking	-0.0117	0.6545	3	85	131	18	2021	62.2222	0.9745
8553	infrastructure	-0.4588	0.3792	3	124	181	22	2021.4545	48	1.3512
8585	inspection	-0.0785	-0.6778	1	59	81	10	2022	13.8	0.5172
8629	integrated sensing and communication	0.8145	-0.8586	2	53	81	9	2023.6667	16.1111	1.2086
8638	integration	-0.3249	0.5942	3	214	600	66	2021.7121	43.0303	1.4919
8651	intelligence	-0.2198	-0.2398	1	326	1065	110	2022.6636	27.0455	1.2798
8657	intelligent	0.8081	0.0409	2	168	399	36	2022.7222	29.5556	1.3967
8741	intelligent reflecting surface	1.0837	-0.6221	2	133	303	26	2023.3077	26	1.9056
8742	intelligent reflecting surface (irs)	1.0041	-0.7801	2	84	221	21	2023.381	18.4762	1.2027
8763	intelligent sensors	-0.3047	-0.4353	1	162	309	32	2022.1562	22.375	0.8228
8783	intelligent transportation system	0.1061	-0.138	1	68	103	16	2021.6875	27.5625	0.9341
8785	intelligent transportation systems	-0.116	-0.2744	1	145	250	28	2021.75	50.7143	1.88
8791	intelligent vehicles	0.068	-0.5025	1	64	81	9	2021.6667	57.2222	1.3836
8839	interference	0.6326	-0.5932	2	253	660	67	2022.7463	44.3433	1.6207
8842	interference cancellation	1.0083	-0.4343	2	50	73	6	2023.6667	33.1667	2.4357
8854	internet	-0.1777	0.289	3	962	18485	2224	2021.8642	34.6178	1.2333
8872	internet of everything	0.5769	0.8331	6	60	85	8	2022.75	58.75	2.798
8873	internet of everything (ioe)	0.3105	-0.0488	5	74	95	9	2022.1111	48.3333	2.151
8884	internet of medical things	-1.0838	-0.2594	1	79	126	19	2023.3158	34	2.132
8885	internet of medical things (iomt)	-0.9805	-0.22	1	112	221	22	2022.0909	45.5909	1.6299
8904	internet of things	-0.0106	-0.0664	1	991	21778	2470	2022.1166	29.0453	1.1271
8905	internet of things (iot)	-0.1164	-0.0375	1	810	7261	830	2021.7819	58.9373	1.4982
8916	internet of things (iot) networks	0.5416	-0.4085	2	61	75	7	2022.1429	34.1429	1.2877
8960	internet of vehicles	-0.1622	0.4734	4	196	455	56	2022.8036	22	1.5752
8961	internet of vehicles (iov)	0.4328	-0.0271	6	189	445	43	2022.814	45.7442	2.2251
8978	internet-of-things	-0.1855	-0.2206	1	211	384	53	2021.5472	23.8491	0.8948
8979	internet-of-things (iot)	-0.1511	0.2238	4	83	129	21	2020.8095	30.5238	0.6423
8993	interoperability	-0.5882	0.059	3	122	239	30	2021.8667	10.6	0.4591
9024	intrusion detection	-0.9457	-0.1011	4	260	884	101	2022.2574	43.8812	1.7116
9029	intrusion detection system	-1.0802	0.0341	4	58	105	19	2022.7368	14.4737	1.0888
9030	intrusion detection system (ids)	-0.9075	-0.4026	4	57	102	13	2023	36.6923	1.6339
9059	iomt	-0.7908	0.2726	3	68	88	12	2022.0833	22	1.4972
9069	iot	-0.2648	0.1009	3	906	11088	1493	2022.0047	30.1614	1.14
9081	iot applications	-0.2998	0.7676	5	99	202	29	2022.1034	52.8621	1.684
9112	iot devices	-0.8555	0.2684	4	80	110	16	2022.0625	37.5	1.2241
9145	iot networks	0.9566	-0.0005	2	118	221	26	2023.1154	15.5385	1.4145
9159	iot security	-0.9295	0.0899	4	122	239	39	2021.9744	32.5897	1.0029
9186	iot systems	-0.6271	0.7527	3	61	89	7	2022.1429	41	2.1882
9226	iov	0.0236	0.8973	8	86	154	17	2022.2353	33.2353	1.8919
9233	ip networks	0.0656	0.4029	6	77	112	11	2022.0909	23.1818	0.7052
9261	issues	-1.0804	0.1277	4	132	333	38	2020.9737	25.7368	0.5609
9277	jamming	0.9371	-0.7432	2	89	185	15	2022.7333	22.8667	1.4389
9291	job shop scheduling	0.7517	0.4921	5	164	471	40	2022.9	29.95	1.446
9311	joint optimization	0.8339	0.3785	2	247	757	75	2021.9867	44.4267	1.4817
9318	joint resource allocation	1.2158	-0.4241	2	58	99	10	2021.7	35	1.1185
9370	kernel	-0.5948	-0.7316	1	70	97	12	2023	3.3333	0.2196
9375	key	-1.0665	0.2252	4	58	80	10	2020.9	55	1.5436
9376	key agreement	-1.2505	0.4029	4	53	121	15	2022.6	10.4	0.8222
9379	key agreement scheme	-1.1727	0.2534	4	59	127	16	2021.625	18.1875	0.9477
9389	key management	-1.1674	-0.0721	4	59	102	9	2020.8889	216.1111	3.4849
9406	keyword search	-1.3549	0.134	4	40	85	14	2022.4286	17.9286	1.4992
9426	knowledge distillation	-0.3608	-0.7267	1	61	95	14	2023.7857	7.3571	0.6382
9456	kubernetes	-0.4596	0.8206	3	75	172	28	2022.6071	12.1786	0.6273
9535	latency	0.5581	0.3447	5	354	1282	141	2022.2766	28.0142	1.0058
9542	latency minimization	1.3941	-0.4473	2	91	159	16	2023.375	17.25	0.8174
9613	learning (artificial intelligence)	0.549	0.5611	6	58	74	8	2021.375	32	0.6619
9616	learning approach	-0.7557	0.1102	4	124	196	16	2022.3125	82	2.5964
9641	legged locomotion	-0.2343	-0.7262	1	46	70	10	2023	14	0.4816
9674	licenses	-0.4192	0.5121	3	85	126	10	2020.9	37	0.9302
9675	lidar	-0.1193	-0.8146	1	55	80	10	2022	20.1	1.0099
9679	lifetime	0.2788	0.2249	5	78	113	17	2020.3529	12.2941	0.4263
9702	lightweight	-1.1274	0.1473	4	153	418	53	2022.717	18.9057	1.1044
9778	linear programming	0.5426	-0.0119	5	77	104	11	2022.1818	10.1818	0.5447
9830	load balance	0.8974	0.352	2	57	78	9	2021.7778	78	1.5935
9832	load balancing	0.412	0.7782	5	202	604	84	2022.4048	19.25	0.9062
9846	load management	0.1712	0.4481	5	176	400	34	2022.5294	36.5588	1.2077
9847	load modeling	0.2228	-0.5294	1	153	348	32	2023.2188	19.2188	1.4522
9882	localization	-0.0967	-0.6322	1	137	236	39	2021.8462	19.9487	0.8893
9885	location	0.0617	-0.5567	1	62	100	17	2020.4118	13	0.4847
9887	location awareness	-0.1777	-0.7803	1	84	137	17	2022.6471	7.7059	0.4178
9894	location privacy	-0.2812	0.2806	4	109	175	21	2021.3333	28.7143	1.2148
9912	logic gates	-0.1592	-0.3399	1	262	635	64	2022.25	23.5	0.9495
9926	long short term memory	-0.0682	-0.4968	1	109	160	15	2024.2667	10.7333	0.8723
9929	long short-term memory (lstm)	-0.6282	-0.6118	1	71	92	10	2021.6	30.8	1.0988
9956	lora	-0.1486	-0.7072	1	99	170	26	2022.4615	12.1923	0.659
9961	lorawan	-0.2493	-0.3762	1	85	142	22	2022.5909	11.4091	0.5483
9990	low earth orbit satellites	1.1316	0.3828	2	158	544	44	2023.9773	20.25	1.7346
9995	low latency	0.0427	0.2218	3	114	165	18	2021.4444	43.7778	1.0406
9996	low latency communication	0.0824	-0.0155	3	135	232	22	2023.7727	11.5	1.7556
10040	low-latency	0.0858	0.4466	3	176	311	30	2022.2	64.9333	2.5479
10050	low-power	-0.5075	-0.2763	1	96	158	21	2021.6667	48.3333	1.6922
10089	lstm	-0.2898	-0.645	1	103	166	32	2021.9375	27.375	1.425
10093	lte	0.1676	-0.0064	3	89	129	22	2020.1818	15.7273	0.5064
10107	lyapunov optimization	1.2283	-0.0348	2	225	816	88	2022.3523	29.25	1.2098
10131	machine	-0.4487	-0.3753	1	138	223	34	2021.5588	26.4706	0.9865
10138	machine learning	-0.5097	-0.2091	1	623	3344	416	2022.0577	43.75	1.6909
10139	machine learning (ml)	-0.4435	-0.1641	1	188	366	38	2022.8684	34.4474	1.8657
10142	machine learning algorithms	-0.7687	-0.4204	1	103	170	16	2022.375	10.125	0.5395
10213	maintenance	-0.1534	-0.5673	1	54	83	13	2022.0769	78.6923	3.9921
10217	makespan	0.4169	1.0195	5	61	146	13	2023.1538	25.3846	1.5689
10229	malware	-0.6782	-0.3068	1	62	93	13	2022.5385	12	0.9353
10235	malware detection	-0.9474	0.0018	4	71	109	14	2022.6429	26.7143	1.1238
10244	management	-0.0041	0.4737	3	682	5004	526	2021.7395	49.097	1.5845
10266	manufacturing	-0.6348	-0.05	3	115	223	19	2021.8421	45.0526	1.5133
10289	mapreduce	0.0586	0.2761	3	63	75	9	2022.2222	17.8889	0.6183
10327	market research	-0.3207	-0.0125	3	80	108	9	2021.4444	61.3333	1.7552
10339	markov decision process	0.6686	-0.0255	2	90	153	22	2022.4545	17.6364	0.802
10340	markov decision process (mdp)	1.0459	0.0418	2	57	95	11	2021.1818	94.3636	2.0922
10351	markov processes	0.6272	-0.2338	6	94	154	14	2022.1429	24.7857	0.9457
10377	massive iot	0.2808	-0.1151	3	75	94	9	2023.2222	5.6667	0.5745
10382	massive mimo	0.5794	-0.1157	2	152	257	26	2022.5385	36.2308	1.9828
10399	matching theory	0.8139	0.5005	2	85	149	16	2022.125	46.5	1.4697
10413	mathematical models	0.4162	-0.447	6	115	202	20	2023.75	9.1	0.5706
10438	maximization	1.1012	-0.2923	2	244	884	89	2022.3034	34.382	1.3422
10483	measurement	0.3091	-0.2315	2	219	399	41	2022.9756	16.4146	1.0956
10492	mec	0.6407	0.2552	2	389	1644	176	2022.8068	20.3864	1.3968
10500	mec networks	1.0288	0.6419	6	56	78	9	2023.1111	25.3333	1.9126
10521	mechanism	-0.092	0.3913	4	280	776	89	2022.4157	22.6966	1.2348
10524	mechanisms	-0.3199	0.6719	3	101	157	15	2021.4667	24.8	1.3663
10537	medical diagnostic imaging	-1.0681	-0.3115	1	87	135	11	2023.1818	53.1818	2.1541
10555	medical services	-0.8631	-0.1142	1	274	888	73	2022.8767	37.0274	2.6816
10579	memory	-0.5884	-0.2222	4	100	162	31	2022.2258	40.129	1.0247
10582	memory management	-0.5227	-0.6518	1	87	148	16	2023.25	11.75	0.8558
10588	memristor	-0.7582	-0.7433	1	50	84	17	2022.2941	11.3529	0.6466
10646	metaverse	-0.1595	-0.2666	3	108	172	15	2023.9333	25.1333	2.0178
10695	microcontrollers	-0.6947	-0.8113	1	57	77	10	2022.9	14.2	0.6677
10717	microservice	-0.5544	0.8606	3	64	121	19	2021.6316	19	0.852
10719	microservice architectures	-0.0106	0.5595	3	100	202	19	2023.7368	9.1053	0.9519
10734	microservices	-0.5774	0.6384	3	141	337	45	2021.9111	19.2444	0.9141
10746	middleware	-0.6772	0.4088	3	125	269	31	2019.8387	45.2258	1.0913
10748	migration	0.3286	0.826	3	179	416	41	2022.2683	28.7317	1.3153
10774	mimo	0.7729	-0.5706	2	107	168	18	2021.2778	55.6111	1.6125
10785	minimization	1.008	-0.3334	2	253	903	81	2022.8272	31.9877	1.5351
10839	mist computing	-0.755	0.5542	3	101	185	18	2021.4444	68.7778	1.5189
10889	mobile	0.4149	0.2869	2	484	2182	248	2021.4315	47.1734	1.435
10910	mobile blockchain	0.1192	0.677	4	69	108	13	2022.4615	30.5385	1.5683
10915	mobile cloud	-0.0249	0.7509	3	95	156	14	2021.1429	52.4286	1.2818
10916	mobile cloud computing	0.0373	0.7284	3	111	225	24	2020.5417	168.2917	2.4521
10917	mobile cloud computing (mcc)	-0.2595	0.8186	4	66	105	9	2019.6667	329	5.2034
10929	mobile computing	-0.089	-0.2383	1	498	1717	229	2021.3013	25.1703	0.6741
10938	mobile crowdsensing	-0.141	0.1608	4	74	114	15	2022.6	16.4	0.9126
10939	mobile crowdsensing (mcs)	-0.0651	-0.1411	4	59	87	9	2021.8889	21.8889	0.5366
10947	mobile devices	-0.3224	-0.2779	1	63	80	10	2019.5	78	1.6418
10948	mobile edge	-0.3204	0.8849	3	209	551	58	2021.6552	47.1897	1.3742
10954	mobile edge computing	0.7417	0.07	2	625	5144	701	2022.1655	36.9116	1.2918
10955	mobile edge computing (mec)	0.8824	-0.1869	2	501	3042	333	2022.5045	44.3814	1.4707
10990	mobile handsets	0.5591	0.2535	6	263	908	81	2021.7778	51.0617	1.7747
11048	mobile-edge	0.2013	0.7605	3	142	312	34	2022.1471	41.1765	1.6272
11053	mobile-edge computing	0.5045	0.2006	2	189	379	39	2021.5385	102.9744	2.1935
11054	mobile-edge computing (mec)	0.9742	-0.1181	2	392	1962	200	2022.11	47.625	1.7717
11074	mobility	0.2902	0.6735	3	208	479	60	2021.5	41.3833	1.182
11084	mobility management	0.2887	0.5148	3	97	153	13	2020.6923	163.9231	2.8443
11105	model	-0.2068	-0.0104	1	524	2087	289	2021.7889	24.8028	1.0109
11113	model compression	-0.2952	-0.8293	1	82	119	19	2023.5263	17.1579	1.1268
11164	models	-0.2841	-0.3024	1	168	342	40	2021.875	69.55	1.9621
11198	monitoring	-0.3774	-0.4145	1	388	1365	142	2022.6268	18.6549	0.9033
11210	monitoring-system	-0.7847	0.015	1	74	105	16	2021.25	24.25	0.7944
11278	mqtt	-0.7236	-0.1744	1	60	104	18	2021.6667	18.5556	0.5343
11321	multi-access edge computing	0.3638	0.359	2	406	1646	190	2022.6474	25.9842	1.1657
11322	multi-access edge computing (mec)	0.7512	0.1446	2	170	351	42	2022.5952	28.0476	1.2063
11334	multi-agent deep reinforcement learning	0.7976	0.4169	2	74	120	16	2023.4375	15.6875	0.6207
11342	multi-agent reinforcement learning	0.6536	-0.3449	2	82	121	15	2023.2667	17.1333	0.9191
11346	multi-agent systems	-0.0779	0.8097	3	63	90	17	2021.8824	17.2941	0.642
11458	multi-objective optimization	0.3924	0.4409	5	133	260	36	2023.2222	12.8056	0.9391
11556	multiaccess edge computing (mec)	0.717	-0.0449	2	298	974	90	2022.3778	34.1778	1.5282
11562	multiagent deep deterministic policy gradient (maddpg)	1.1976	-0.2039	2	66	120	10	2023.4	32.6	1.839
11565	multiagent deep reinforcement learning (madrl)	0.9179	0.2519	2	64	96	8	2023.75	25.125	1.8505
11575	multiagent reinforcement learning (marl)	1.0046	-0.1849	2	71	89	9	2023.8889	16	1.5469
11710	multiobjective optimization	0.5895	0.661	5	126	278	33	2022.1212	32.2424	1.3147
11770	multiple-access	0.7043	-0.2752	2	75	100	13	2021.9231	60.2308	2.5819
11830	multitasking	0.454	-0.109	5	77	115	11	2023.7273	8.8182	0.8057
11866	mutual authentication	-1.1144	0.4122	4	81	222	25	2022.16	23.76	1.0603
11880	named data networking	-0.09	0.7598	3	93	166	19	2021.4737	24.0526	0.7791
11917	nash equilibrium	0.781	0.6838	6	114	258	28	2022.1071	33.7857	1.977
11932	navigation	0.0275	-0.7217	1	106	161	17	2021.8824	30.5882	1.5702
11934	nb-iot	-0.5343	-0.4091	1	54	68	16	2021.9375	11.3125	0.7674
11966	network	-0.171	0.0117	3	466	1809	226	2022.1195	39.2743	1.4673
11971	network architecture	0.1309	0.4648	3	121	207	21	2021.5714	94.1905	2.0472
12006	network function virtualization	0.2798	0.7377	3	126	262	30	2021.2333	18.9667	0.5406
12007	network function virtualization (nfv)	0.2682	0.8389	3	92	178	22	2021.3636	62.7727	1.4779
12025	network management	0.0357	0.6282	3	55	77	7	2021	55.8571	1.3655
12056	network security	-0.6322	0.1176	4	90	155	22	2021.6818	33.4091	1.1417
12064	network slicing	0.1521	0.4082	3	199	477	44	2022.3182	61.5909	2.2742
12079	network topology	0.223	0.4816	5	149	274	25	2022.12	25.6	0.8545
12103	networking	-0.1829	0.4234	3	187	408	44	2020.8409	71.25	1.6779
12107	networks	0.4039	0.0362	2	766	6910	774	2021.9884	40.3514	1.4453
12122	neural network	-0.7461	-0.814	1	86	138	22	2022.2727	26	1.2752
12133	neural networks	-0.435	-0.5156	1	234	545	68	2021.9559	47.3971	1.4337
12137	neural-network	-0.5058	-0.5857	1	197	439	59	2022.3051	31.3898	1.9513
12139	neural-networks	-0.4831	-0.5291	1	229	462	57	2022.2807	59.4386	1.7377
12171	next generation networking	0.2188	0.3427	3	85	120	10	2021.9	59.4	2.3076
12177	next-generation	0.0815	0.5714	3	86	117	10	2021.3	53.6	1.7138
12191	nfv	-0.0472	0.6753	3	189	420	40	2020.875	66.675	1.8872
12232	noise	-0.4213	-0.6837	4	66	99	19	2022.2632	15.7368	0.3147
12245	noma	1.1453	-0.4487	2	291	1550	137	2022.8394	26.4453	1.3905
12247	noma-mec	0.9509	-0.2264	2	63	76	6	2022.6667	95.3333	2.4257
12284	non-orthogonal multiple access	1.0861	-0.4124	2	136	351	38	2022.8421	39.0263	1.6625
12285	non-orthogonal multiple access (noma)	1.2801	-0.5213	2	93	211	21	2022.619	23.6667	1.1218
12329	nonorthogonal multiple access (noma)	1.1666	-0.2702	2	129	371	35	2022	37.6286	1.2815
12333	nonorthogonal multiple-access	1.2409	-0.3548	2	162	557	52	2021.6923	44.0385	1.264
12376	numerical models	0.116	0.919	6	70	121	10	2022.2	13.7	0.6733
12397	object detection	-0.1063	-0.733	1	174	389	57	2022.614	22.4386	0.909
12403	object recognition	-0.3568	-0.3758	1	94	137	15	2023.3333	26.8667	0.8739
12437	of-the-art	-0.6291	0.3737	3	225	635	58	2021.6897	66.431	2.889
12439	ofdm	0.4662	-0.7736	2	57	79	10	2022.7	8.9	0.518
12454	offloading	0.4615	0.5252	6	303	986	101	2021.7228	41.7228	1.5377
12459	offloading decision	0.992	0.351	2	107	191	22	2022.9091	16.4545	0.9627
12472	offloading strategy	1.1517	0.3033	2	66	107	15	2023.2667	9.2667	3.6041
12537	online	-0.6723	-0.5146	1	66	96	16	2021.125	39.875	0.7435
12565	online learning	0.2716	-0.5231	1	129	250	30	2022.0333	24.0333	0.7761
12598	ontology	-0.6931	0.071	3	52	77	14	2020.1429	12.8571	0.4958
12630	openflow	-0.2183	0.6803	3	54	94	13	2020.9231	35.1538	0.5296
12676	opportunities	-0.0927	0.1386	3	194	421	41	2021.878	57.2683	1.7988
12722	optimal scheduling	0.8077	0.211	5	102	208	18	2023.1667	12.1667	1.3676
12739	optimization	0.6707	-0.0957	2	852	13370	1372	2022.6356	31.215	1.3682
12776	orchestration	-0.1376	0.7576	3	133	241	30	2021.9333	27.7667	1.0407
12842	outsourcing	-0.9405	0.5371	4	68	171	16	2022.3125	24.1875	0.9505
12908	paradigm	-0.1787	0.752	3	149	297	27	2021.2593	37.037	1.1195
12909	parallel	0.8136	-0.5164	2	66	94	11	2021.6364	43.3636	1.0102
12970	partial offloading	1.175	-0.0022	2	84	168	20	2023	28.3	1.5679
12992	particle swarm optimization	0.5217	0.4508	5	156	390	48	2022.5	25.2292	1.3108
12993	particle swarm optimization (pso)	0.8667	-0.1383	5	58	84	8	2023	57.75	1.7429
13002	partitioning algorithms	0.853	-0.4734	2	62	98	9	2023.3333	17.7778	0.7706
13022	path planning	0.4895	-0.502	2	89	137	15	2022.9333	20.0667	1.1809
13039	patient monitoring	-0.9589	-0.3427	1	66	94	7	2022.2857	19.1429	1.0528
13091	peer-to-peer computing	-0.3397	0.3552	4	236	656	61	2022.2787	30.4262	1.0604
13100	people	-0.348	-0.4517	1	48	68	12	2020.9167	22	0.6762
13108	performance	0.0716	-0.0835	1	415	1344	179	2021.8827	33.1955	1.0575
13109	performance analysis	0.3119	-0.2982	2	154	245	37	2021.5135	20.973	0.8574
13113	performance evaluation	0.0432	-0.4645	1	473	1935	193	2022.6632	19.3834	0.9517
13253	physical layer	0.1448	0.1523	2	72	90	9	2021.3333	53.4444	2.6833
13257	physical layer security	0.7126	-0.6268	2	90	171	19	2022.2105	24	1.0746
13267	physical unclonable function	-0.9477	0.05	4	58	86	10	2022.9	8.6	1.2418
13279	physical-layer security	0.5413	-0.7042	2	65	92	11	2021.2727	11.4545	0.6851
13306	pipelines	0.12	-0.6877	1	78	122	14	2022.8571	7.9286	0.2872
13310	placement	0.5053	0.4953	5	391	1617	180	2022.4278	20.7056	1.2039
13317	planning	0.5104	-0.1889	4	85	120	11	2021.5455	17.5455	1.0015
13334	platform	-0.5725	0.112	3	190	396	49	2020.898	34.6327	0.9204
13378	policy	0.4262	-0.0625	2	80	120	12	2022.3333	21.8333	0.9155
13444	potential game	1.1147	0.4498	2	74	152	15	2022.6	18.7333	1.2589
13450	power	0.5315	-0.4908	2	272	804	88	2021.9205	34.9886	1.0787
13453	power allocation	0.8771	-0.3301	2	198	482	44	2022.4773	29.4773	1.7093
13469	power control	0.9509	-0.5302	2	122	220	21	2022.7143	24.7619	1.1143
13471	power demand	0.1463	-0.5512	1	137	228	23	2022.0435	17.9565	0.5944
13523	power-control	0.8949	-0.0222	2	123	217	23	2022.2174	27.4783	1.1009
13548	precision agriculture	-0.7776	-0.3737	1	93	222	32	2021.9688	50.1562	1.5505
13563	prediction	-0.3431	-0.3066	1	286	760	110	2022.2818	18.6273	0.8705
13564	prediction algorithms	0.0524	-0.2732	1	171	325	29	2023.2069	11.5517	0.8457
13580	predictive maintenance	-0.667	-0.4482	1	109	227	29	2022.9655	20.7586	1.3583
13584	predictive models	-0.2316	-0.5904	1	264	750	76	2022.8026	23.4474	1.3096
13600	preservation	-0.4356	0.4479	4	66	93	12	2021.8333	25.5833	1.1646
13616	pricing	0.7757	0.5953	6	159	476	41	2023.1951	23.1707	1.0713
13652	privacy	-0.8206	0.1717	4	614	4544	468	2021.8974	46.3611	1.6112
13677	privacy preservation	-0.5329	0.0459	4	154	308	39	2022.641	34.6154	1.9321
13681	privacy preserving	-0.8559	-0.0496	4	126	262	29	2022.5862	21.7241	1.2001
13686	privacy protection	-0.7889	0.0777	4	145	331	45	2022.5778	29.5778	1.3678
13698	privacy-preserving	-0.9804	0.2223	4	146	371	49	2022.6735	24.1633	1.1368
13749	probabilistic logic	-0.0468	0.2802	4	75	99	10	2022.1	45.5	1.3521
13755	probability	1.0618	-0.0632	2	63	85	9	2021.6667	6.8889	0.2857
13762	process control	0.148	0.0991	3	88	127	11	2022.2727	15.3636	0.4931
13782	processor scheduling	0.7226	0.541	5	334	1644	142	2022.7394	28.0493	1.3188
13796	production	-0.5785	-0.1086	3	130	238	22	2022.3182	29.9545	1.3833
13799	production facilities	-0.5733	0.2744	3	83	116	12	2021.3333	29.1667	0.9023
13820	program processors	-0.5172	-0.5084	1	71	94	11	2023.0909	18.5455	0.9183
13864	proposals	-0.3513	0.4047	4	62	94	9	2023	18	1.5375
13872	protection	-0.8723	0.0988	4	137	246	32	2022.6875	14.875	0.9696
13874	protocol	-0.6102	0.3135	4	302	986	130	2021.3846	38.6308	1.0548
13881	protocols	-0.518	0.0978	4	384	1341	136	2022.3382	24.4412	1.0136
13883	prototypes	-0.4696	-0.3236	1	61	79	12	2022.25	8.6667	0.4636
13886	provably secure	-1.2846	0.3585	4	47	85	9	2022.4444	12.2222	0.71
13931	public key	-0.9953	0.3839	4	78	152	16	2022.125	20.5625	1.2204
13984	q-learning	0.3435	0.2139	2	123	190	25	2021.6	21.16	0.6681
13986	qoe	0.3071	0.5728	3	82	139	16	2021.75	24.6875	0.7817
13989	qos	0.6008	0.5452	2	181	387	47	2022.1702	39.3404	1.5455
14014	quality	-0.1226	0.2724	4	157	301	38	2021.3684	25.9737	0.9648
14023	quality of experience	0.5355	0.382	6	231	655	61	2022.1967	24.9016	1.1093
14024	quality of experience (qoe)	0.6269	0.6951	6	90	145	16	2022.125	17.3125	1.2965
14028	quality of service	0.2418	0.5515	5	467	2501	227	2022.4758	26.8899	1.2025
14029	quality of service (qos)	0.4609	0.8973	5	148	370	38	2022.9211	17.2895	0.8954
14048	quantization	-0.2453	-0.9869	1	71	124	17	2023.3529	11.7059	0.7925
14049	quantization (signal)	-0.2134	-1.0119	1	74	131	15	2023.2667	16.6	2.5189
14058	quantum computing	-0.0605	0.9307	5	71	116	13	2023.1538	30.6923	1.8088
14103	queueing analysis	0.8806	-0.2572	2	51	78	8	2022.875	6	0.2381
14116	queuing theory	0.5363	0.1276	6	99	165	15	2021.9333	28.1333	1.0062
14128	radar	0.2531	-0.9071	1	113	202	29	2022.7931	16.6897	1.0598
14141	radio	0.8631	0.0435	2	259	982	103	2021.3398	92.1845	1.7356
14146	radio access networks	0.9192	0.5663	6	109	175	14	2022.3571	94.3571	2.3236
14154	radio frequency	0.3054	-0.8555	1	106	181	18	2022.9444	14.6667	0.794
14243	raspberry pi	-0.8473	-0.2688	1	59	96	17	2021.1765	18.7059	0.4773
14250	rate maximization	1.1776	-0.6397	2	106	217	21	2022.5714	23.3333	1.362
14284	real-time	-0.418	0.175	3	153	253	34	2021.7059	24.0294	0.6237
14346	real-time systems	-0.0295	-0.3008	1	596	3089	291	2023.2131	14.7595	1.1812
14372	receivers	0.3733	-0.556	2	129	217	26	2022.8462	16.7692	1.0391
14380	recognition	-0.4009	-0.5121	1	190	381	58	2021.4655	32.1207	1.1607
14406	reconfigurable intelligent surface	1.1171	-0.7115	2	73	158	14	2023.6429	14.7857	0.8778
14407	reconfigurable intelligent surface (ris)	1.1833	-0.5821	2	103	271	27	2024.037	7.2963	1.0808
14408	reconfigurable intelligent surfaces	1.0739	-0.5206	2	129	304	23	2024.2174	8.1739	1.3904
14424	recurrent neural networks	-0.0769	-0.5819	1	82	98	12	2022.3333	10.4167	0.6548
14444	redundancy	0.4104	-0.4953	1	62	78	8	2023.75	8	0.3973
14450	reference architecture	-0.758	0.8699	3	53	74	8	2020.625	94.875	2.4661
14483	reinforcement	0.8841	0.2832	2	116	215	25	2023.12	10.2	0.8634
14485	reinforcement learning	0.5872	0.169	2	408	1761	202	2022.5792	42.1931	1.6226
14486	reinforcement learning (rl)	0.5565	-0.1581	6	158	327	34	2022.5	47.7647	2.1377
14497	relay	1.0204	-0.4699	2	76	102	13	2022.6154	17.9231	1.134
14509	relays	0.9187	-0.3681	2	205	489	40	2022.325	28.8	1.1725
14512	reliability	0.0922	0.1257	4	422	1457	148	2022.5203	31.1689	1.4251
14540	remote monitoring	-0.8052	-0.4782	1	67	89	11	2023.3636	10.7273	0.7545
14544	remote sensing	-0.4669	-0.7077	1	63	84	12	2022.3333	27.4167	1.2564
14555	rendering (computer graphics)	-0.0568	-0.3588	3	70	105	9	2022.4444	49	1.7175
14559	renewable energy	-0.0025	0.2943	3	102	165	16	2022	22.0625	1.0565
14561	renewable energy sources	0.5167	0.0717	2	94	133	11	2022.8182	18.4545	0.8075
14596	reputation	-0.0094	0.847	4	101	184	19	2022.1579	25.8947	1.1841
14619	requirements	-0.1065	0.0867	3	189	400	37	2021.973	45.8649	1.8999
14626	research issues	-0.3821	0.5306	3	144	303	25	2021.76	83.2	2.976
14646	resilience	0.3333	0.1563	6	99	163	15	2022.5333	19.3333	1.345
14655	resistance	-0.9413	-0.4796	1	62	86	13	2023.2308	6.3846	0.5099
14666	resists	-0.8278	-0.1632	4	60	97	10	2022.8	32.4	1.0587
14672	resource	0.5844	0.1178	2	217	497	48	2022.8542	31.3333	1.4451
14673	resource allocation	0.9825	0.2013	2	561	4604	494	2022.6802	36.7874	1.4875
14722	resource management	0.8971	0.1291	2	753	10418	896	2022.8326	29.4754	1.4184
14732	resource optimization	0.4897	-0.0048	2	118	184	19	2023.5263	11.6842	0.8655
14734	resource orchestration	0.494	0.706	5	80	107	9	2022.6667	22.6667	1.3798
14742	resource provisioning	0.3234	0.9274	5	105	197	17	2021.3529	61.2353	1.8734
14749	resource scheduling	0.6905	0.734	5	151	365	43	2023.0233	24.2791	1.4337
14767	resource-allocation	0.8317	0.1077	2	747	9127	932	2022.5933	36.3283	1.573
14790	resource-management	0.0379	0.344	3	233	560	48	2022.1042	75.125	2.2374
14795	resources allocation	1.4343	-0.0837	2	61	92	10	2021.9	39.9	1.6468
14843	review	-0.7777	-0.2697	1	53	78	7	2021.7143	71	2.2824
14845	reviews	-0.5262	-0.0852	3	153	237	15	2024.4667	6.6667	1.0752
14927	roads	0.2243	-0.2711	1	213	515	52	2022.6154	22.8077	1.1579
14937	robot sensing systems	0.0167	-0.892	1	77	119	12	2023	8.5	0.4292
14947	robotics	-0.5664	-0.0592	3	60	79	7	2022.4286	54	1.2801
14948	robots	0.0661	-0.8566	1	90	139	14	2022.7857	19.7857	0.734
14949	robust	0.2667	-0.7632	1	74	100	13	2021.8462	13.0769	0.6514
14962	robustness	0.0426	-0.3155	5	116	186	25	2022.92	11.68	0.5372
14999	routing	0.1601	0.2722	5	259	719	75	2022.24	21.6933	1.0301
15000	routing algorithm	-0.1504	0.5897	3	81	115	12	2022.25	31.9167	1.4417
15009	routing protocol	-0.3829	0.4313	3	105	172	23	2021.4348	52.5652	1.1959
15010	routing protocols	-0.0848	0.2484	5	108	190	18	2022.6667	13.6667	0.6979
15013	rpl	-0.2138	0.2764	5	50	71	15	2021.6	33.9333	0.7794
15037	runtime	-0.1871	-0.6939	1	74	96	10	2021.5	45.3	1.3408
15053	safety	-0.0857	-0.1813	1	196	394	44	2022.6818	17.9545	1.0157
15096	satellite broadcasting	1.2822	0.4777	2	55	88	7	2022.7143	41.7143	2.3456
15104	satellite edge computing	1.0987	0.5132	2	62	110	13	2023.9231	17.1538	1.7281
15139	satellites	1.0584	0.1944	2	222	828	68	2023.8529	22.1765	1.896
15152	scalability	-0.3063	0.5093	4	235	583	61	2023.1803	17.4426	0.8943
15164	scale	0.4441	-0.626	2	57	74	10	2021.6	12.3	0.3389
15182	schedules	0.5043	-0.061	5	111	174	17	2022.6471	27.8824	0.9002
15183	scheduling	0.4913	0.5638	5	250	852	92	2022.587	22.9891	0.9417
15185	scheduling algorithms	0.4422	0.3545	5	96	159	16	2022.5625	31.25	1.5779
15197	scheme	-0.517	0.3045	4	545	2798	346	2021.9769	30.5376	1.0587
15220	sdn	-0.2841	0.5553	3	294	843	93	2021.3656	39.8602	1.2882
15237	search	-0.2883	0.0558	4	62	86	11	2022.9091	9.7273	0.6529
15245	search problems	0.7378	0.0005	5	76	104	10	2023.9	14.6	1.1739
15249	searchable encryption	-1.3648	0.197	4	38	73	10	2023.1	18.3	0.7108
15278	secure	-0.8118	0.3615	4	322	1111	128	2021.9609	38.3828	1.3936
15346	security	-0.6369	0.2735	4	780	8238	878	2021.9977	36.8269	1.5109
15351	security and privacy	-0.7078	0.5781	4	131	287	33	2021.7576	116.4545	2.4866
15412	selection	0.2717	0.0144	2	284	637	71	2022.1127	32.8451	1.3026
15495	semantics	-0.0511	-0.459	1	117	191	25	2022.2	17.32	0.787
15551	sensor	-0.6219	-0.408	1	208	451	67	2021.2239	43.6866	1.0668
15576	sensor networks	-0.113	0.0215	3	228	453	63	2020.873	28.3175	0.9305
15587	sensor systems	-0.1469	-0.431	1	71	90	10	2022.1	16.5	0.7207
15602	sensors	-0.115	-0.4866	1	595	2939	313	2022.4952	24.3578	1.0641
15629	server placement	0.8583	0.582	5	58	90	16	2022.8125	17.9375	1.1749
15637	serverless computing	-0.1633	0.8205	3	61	96	17	2023.1765	29.9412	2.1197
15641	servers	0.4367	-0.2148	2	882	13098	1155	2022.742	29.1065	1.4741
15642	service	-0.0834	0.5927	3	303	1022	110	2021.2818	71.1273	1.8608
15650	service caching	1.2302	0.0384	2	95	201	23	2023.5217	26.913	1.8091
15664	service deployment	0.4947	1.0107	5	87	165	18	2021.9444	19.1111	1.4411
15692	service migration	0.4597	0.7264	3	163	360	44	2022.0227	96.5	1.5902
15701	service orchestration	0.1247	1.276	5	56	95	10	2022.2	27.1	0.7491
15707	service placement	0.4832	0.8578	5	202	558	68	2022.5294	25.4853	1.1825
15719	service provisioning	0.691	0.6335	5	74	124	16	2021.5625	15.9375	0.7034
15725	service recommendation	-0.1866	0.9117	4	64	94	15	2021.3333	35.7333	1.1898
15733	service robots	-0.5895	-0.0143	3	64	96	7	2022.4286	35.4286	2.5371
15750	services	-0.1447	0.5037	3	224	458	56	2021.6607	25.2321	0.912
15856	signal processing	-0.5947	-0.8891	1	58	92	12	2022.8333	18.25	0.8325
15864	signal to noise ratio	0.6341	-0.741	2	103	146	16	2023.4375	18.0625	1.142
15900	simulation	-0.1441	0.6386	3	302	940	101	2021.5149	28.8812	1.0418
15957	sixth generation (6g)	0.7151	0.2182	2	63	83	6	2021.8333	64	2.7031
16032	smart	-0.749	0.2555	3	149	337	44	2021.3636	28.3636	0.9598
16034	smart agriculture	-0.3415	-0.2283	1	125	260	30	2023.0667	31.6	1.4524
16048	smart buildings	-0.2958	-0.2266	1	77	94	10	2021.6	33.5	1.476
16057	smart cities	-0.3764	0.2053	3	415	1530	164	2021.9451	33.3232	1.2756
16059	smart city	-0.3522	0.0906	3	357	1090	156	2021.3846	34.8013	1.1946
16084	smart contract	-0.7398	0.7036	4	115	282	41	2022.3902	27.4146	1.3308
16085	smart contracts	-0.5818	0.7825	4	141	401	41	2022.1707	46.6829	1.4827
16093	smart devices	-0.6763	-0.1877	4	118	248	26	2021.8077	34.1538	0.9538
16112	smart factory	-0.747	0.3161	3	114	198	19	2021.0526	65.7368	1.8286
16116	smart farming	-0.9086	-0.2298	1	70	145	18	2022.3333	56.9444	1.6275
16127	smart grid	-0.6517	-0.0769	1	182	399	45	2021.8444	33.8889	1.5992
16134	smart grids	-0.7233	0.0107	4	204	460	45	2022.2889	37.1111	1.4721
16136	smart health	-1.0632	-0.0753	1	60	84	9	2022.3333	22.4444	1.4388
16141	smart healthcare	-1.0922	-0.1444	1	143	315	31	2022.3226	45.9355	1.9583
16147	smart home	-0.777	-0.1579	1	171	352	54	2020.6296	27.963	0.8363
16156	smart homes	-0.721	-0.2561	1	123	207	28	2020.4286	28.7857	1.0498
16181	smart manufacturing	-0.728	0.0635	3	147	323	30	2021.9333	38.5333	1.5923
16199	smart phones	-0.2234	-0.4707	1	89	133	21	2021	17.9048	0.9908
16243	smart transportation	-0.7284	0.6193	3	77	108	9	2021.8889	85.3333	3.8586
16271	smartphone	-0.624	-0.5464	1	49	68	16	2020.25	23	0.5242
16320	social internet	-0.4357	0.876	4	63	95	11	2021.2727	29.0909	0.995
16321	social internet of things	-0.2257	0.9424	4	63	88	13	2022.3846	14.4615	0.7236
16360	sociology	0.2713	-0.1995	1	64	84	8	2023	7.875	0.5341
16380	software	-0.1351	0.3307	3	219	442	42	2021.5952	33.1429	1.0389
16397	software defined networking	-0.1651	0.6819	3	171	329	33	2021.1212	41.9697	1.0837
16398	software defined networking (sdn)	-0.2125	0.7943	3	59	77	9	2020.2222	94.2222	1.5994
16399	software defined networks	-0.8284	0.4987	3	84	140	12	2021.4167	67.4167	1.8581
16433	software-defined network (sdn)	0.12	0.7976	3	75	132	16	2021.3125	52.5625	1.2714
16435	software-defined networking	-0.2249	0.8363	3	233	593	62	2021.0645	80.5161	2.0314
16436	software-defined networking (sdn)	0.0933	0.9809	3	101	180	18	2022	22.5556	1.0188
16438	software-defined networks	-0.5223	0.4692	3	88	113	14	2020.8571	23.9286	0.6846
16474	solid modeling	0.1959	-0.6908	1	90	123	10	2023.6	26.3	1.3667
16515	space-air-ground integrated networks	1.2185	0.1774	2	71	133	11	2024.1818	13.2727	1.9586
16598	special issues and sections	-0.5138	-0.3257	1	43	79	16	2021.875	1.5	0.0544
16678	spread spectrum communication	0.6036	-0.3292	2	64	85	8	2022.25	33.25	1.5635
16694	stability	0.5641	0.4155	5	86	126	17	2021.7059	31.7059	1.1392
16707	stackelberg game	0.7798	0.5371	6	201	642	66	2022.8939	17.6212	0.8884
16718	standards	-0.1824	-0.1688	1	206	377	41	2022.6341	17.5854	0.7384
16722	state	-0.4539	-0.4835	1	92	131	16	2021.6875	73.625	1.8562
16728	state estimation	-0.0987	-0.3388	1	66	86	11	2021	31.0909	0.6474
16750	statistics	0.0641	-0.1239	1	74	108	11	2022.8182	7.4545	0.6
16790	stochastic game	1.0674	0.3089	2	67	93	10	2022.8	25.6	1.6648
16793	stochastic geometry	0.7154	-0.5423	2	55	79	10	2021.9	17.6	0.5275
16795	stochastic gradient descent	0.0051	-0.9515	1	61	82	8	2022.5	11.875	0.6797
16807	stochastic optimization	0.7772	-0.4858	2	80	135	13	2021.7692	44.1538	1.7789
16811	stochastic processes	0.5798	-0.4089	2	163	352	30	2022.7333	31.2333	1.8304
16819	storage	-0.6507	0.0679	4	138	263	29	2022	34.5862	1.3762
16839	strategies	-0.0069	-0.2561	6	72	96	14	2022.3571	11.6429	0.652
16840	strategy	0.3292	0.6847	5	243	729	79	2022.4557	25.5443	1.268
16849	stream processing	-0.8375	0.1232	3	51	87	14	2020.7143	30.2143	0.5735
16860	streaming media	0.3278	-0.3543	1	241	688	67	2022.5224	22.403	0.8474
16946	successive convex approximation (sca)	1.0381	-0.6166	2	62	79	6	2023.1667	15.3333	1.0969
16984	support	-0.1679	0.1087	1	120	168	22	2021.3182	38.5	1.1672
16988	support vector machine	-0.6049	-0.2589	1	84	110	15	2021.5333	47.2	1.3764
16990	support vector machines	-0.7163	-0.4163	1	130	245	26	2021.9231	22.6923	0.8291
17013	surveillance	-0.2327	-0.4222	1	137	224	25	2022.6	32.8	1.3772
17018	survey	-0.2584	0.3193	3	142	266	26	2020.3846	155.0385	3.4904
17019	surveys	-0.1741	-0.0439	3	229	456	28	2024.2143	16.1429	3.048
17024	sustainability	-0.4943	-0.1095	3	131	232	26	2021.7308	40.1538	1.5176
17035	sustainable development	-0.3691	-0.0626	1	102	143	13	2022.4615	16	0.8949
17059	svm	-0.9219	-0.2664	1	57	77	12	2022.25	8.6667	0.7246
17064	swarm intelligence	-0.526	0.223	5	68	93	13	2022.2308	26.9231	1.4405
17073	swipt	0.9972	-0.7044	2	62	102	10	2022.3	17.9	0.7631
17078	switches	0.0465	0.0952	3	115	194	19	2022.3684	12	0.3773
17102	synchronization	0.1503	-0.5107	1	167	326	36	2023.1389	7.1389	0.5823
17119	system	-0.5384	-0.1403	1	610	3170	424	2021.8774	35.6486	1.3121
17144	system performance	1.0033	-0.0395	2	114	180	15	2023.2667	13.6	1.4137
17161	systematic literature review	-0.8605	-0.0052	3	77	141	12	2022.25	81.9167	2.1347
17164	systematic review	-0.2495	1.0843	3	54	77	7	2021.4286	34.8571	1.0772
17166	systematics	-0.637	0.2124	3	120	192	13	2022.1538	57.3846	1.9914
17167	systems	0.1254	0.0346	2	620	3115	355	2021.8141	35.6563	1.1523
17170	systems architecture	0.0275	0.5253	5	66	93	8	2022.5	24.375	1.2464
17183	tactile internet	0.0244	0.7853	3	84	128	10	2021.5	129	3.1933
17209	target tracking	0.0855	-0.9239	1	66	92	12	2023.1667	22.6667	1.0945
17211	task	1.1055	0.1674	2	186	474	47	2023.2979	17.8085	1.3855
17212	task allocation	0.2775	0.435	5	195	543	59	2022.4407	23.7627	1.0492
17216	task analysis	0.6754	-0.1638	2	809	11617	1032	2022.2626	34.5891	1.5259
17219	task assignment	0.4562	0.0491	5	143	242	23	2022.1739	29.7826	1.9072
17239	task dependency	0.8329	0.6483	6	58	99	10	2023.3	24.9	1.117
17254	task offloading	0.822	0.3375	2	506	3520	414	2023.1449	19.6401	1.1909
17265	task partitioning	0.546	-0.2943	2	70	100	8	2022.375	45.25	1.5546
17282	task scheduling	0.5947	0.7757	5	235	876	107	2022.5888	28.0654	1.1238
17301	tasks	0.7767	1.0104	5	54	77	10	2022.4	5.3	0.3083
17311	taxonomy	-0.5707	0.4937	3	206	472	40	2020.8	117.25	2.4524
17338	technological innovation	-0.1371	0.4328	4	75	99	8	2022.625	29.125	1.0198
17340	technologies	-0.4685	0.2495	3	363	1286	123	2021.7154	54.5203	2.1538
17341	technology	-0.6677	-0.1366	1	178	371	46	2021.8261	37.9348	1.4683
17357	telecommunication traffic	0.1544	0.3547	6	94	141	12	2023.6667	2.25	0.3722
17375	temperature sensors	-0.2926	-0.3941	1	117	194	20	2022.8	39.35	1.8325
17403	tensors	-0.0012	-0.615	1	60	88	11	2023.0909	9.3636	0.5711
17430	terrestrial networks	1.3017	0.5489	2	55	103	9	2023.4444	36.2222	1.5221
17497	things	-0.4089	0.3685	3	804	8293	933	2021.4673	37.5723	1.1336
17500	things iot	-0.9556	-0.0595	1	133	284	34	2021.2353	58.4412	1.7127
17502	things security	-1.2202	0.479	4	60	116	10	2021.7	79	2.4452
17520	threats	-1.2839	0.2582	4	70	151	14	2021.7143	59.5714	1.6145
17524	three-dimensional displays	0.2428	-0.7404	1	160	286	30	2023	15.0333	1.0504
17545	throughput	0.3921	-0.0943	2	324	903	91	2022.9011	10.5055	0.838
17546	throughput maximization	1.1349	-0.3957	2	69	113	14	2022.0714	42.1429	1.6269
17558	time	0.3396	-0.1483	2	276	677	76	2022.3158	20.7237	1.017
17571	time division multiple access	1.2169	-0.5391	2	105	185	15	2022.9333	25.3333	1.3507
17573	time factors	0.2524	0.2976	5	217	593	51	2022.3725	25	1.0669
17587	time series analysis	-0.3706	-0.8959	1	74	110	13	2023.1538	12.7692	0.7696
17610	time-frequency analysis	0.7303	-0.7969	2	64	98	10	2022.9	26.5	1.492
17658	tiny machine learning	-0.7097	-1.0042	1	52	81	11	2024.0909	6.5455	0.606
17668	tinyml	-0.5947	-0.6844	1	107	183	27	2023.2963	30.5926	1.8701
17678	to-device communications	0.6555	0.3217	2	74	101	11	2021.3636	37.8182	0.9096
17695	toolkit	-0.393	1.0235	3	154	473	47	2021.8511	29.0851	1.0874
17696	tools	-0.3263	0.2956	3	71	103	8	2020.375	41	1.0637
17706	topology	0.1076	0.3701	5	165	338	31	2022.1613	19	0.7876
17733	traceability	-0.8347	0.4386	4	53	68	10	2022	70.8	1.4914
17740	tracking	-0.2497	-0.6823	1	107	166	31	2022.4839	11.3871	0.55
17753	tradeoff	0.8042	-0.0095	2	76	101	9	2021.6667	101.5556	1.7074
17760	traffic classification	-0.0337	-0.0166	3	61	78	8	2022.875	25.75	1.111
17763	traffic control	0.2469	-0.3108	1	77	93	8	2023.5	12.125	0.9662
17781	traffic management	-0.2753	-0.1545	1	65	96	10	2022.7	11.1	1.2121
17790	traffic prediction	-0.0218	0.0218	3	59	78	8	2022.125	42.125	3.1084
17811	training	-0.0467	-0.7127	1	498	3127	307	2023.1336	32.7883	1.6581
17814	training data	-0.3545	-0.9699	1	67	107	12	2021.5833	52.8333	1.9022
17822	trajectory	0.7916	-0.4175	2	291	1209	105	2023.2952	24.0667	1.4968
17827	trajectory design	1.0636	-0.3605	2	154	388	33	2022.697	59.9697	2.5746
17829	trajectory optimization	1.2849	-0.3059	2	183	658	62	2022.871	38.5806	1.7882
17830	trajectory planning	1.068	-0.1199	2	125	265	26	2023.6154	10.8462	1.4141
17847	transcoding	0.7717	0.193	6	56	93	8	2023.25	14.875	0.6008
17851	transfer learning	-0.4181	-0.8685	1	134	266	37	2022.5405	20.6757	1.1057
17865	transformers	-0.0624	-0.8607	1	96	173	19	2024.4211	4.9474	1.2428
17877	transmission	0.6115	-0.0858	2	209	459	58	2021.3103	26.3966	1.1614
17910	transportation	-0.0129	-0.4173	1	105	169	17	2023.2353	12.6471	1.3346
17930	trends	-0.3987	0.2546	3	122	222	24	2022.5	28.6667	2.1932
17951	trust	-0.6742	0.607	4	169	414	50	2021.34	29.9	1.2007
17960	trust evaluation	-0.2871	0.6441	4	54	80	10	2022.5	34.7	1.7651
17963	trust management	-0.4921	0.7111	4	94	168	20	2022.6	39.4	1.1625
18035	tutorials	-0.2063	0.5293	3	132	196	12	2021.0833	151.25	4.0174
18078	uav	0.9124	-0.132	2	265	883	90	2023.2444	17.0778	1.4653
18138	uavs	0.386	-0.3688	2	125	206	24	2022	30.5	1.4232
18148	ubiquitous computing	-0.3274	0.1907	3	85	122	17	2019.6471	18.0588	0.5214
18171	ultra reliable low latency communication	0.3332	0.0853	3	149	288	24	2023	26.25	1.5523
18223	uncertainty	0.2938	-0.158	1	177	351	37	2022.6216	16.4324	0.6621
18232	uncrewed aerial vehicle (uav)	1.1567	-0.0614	6	57	107	8	2025	1	0.961
18279	unmanned aerial vehicle	0.9528	0.0573	2	200	585	65	2022.7077	39.0769	1.5055
18281	unmanned aerial vehicle (uav)	0.8678	-0.6014	2	256	1008	101	2023.0099	33.901	1.9092
18311	unmanned aerial vehicles	0.6802	-0.4759	2	280	943	94	2021.8617	54.4255	1.7878
18313	unmanned aerial vehicles (uav)	1.2895	-0.448	2	57	84	6	2021.6667	50	1.6931
18314	unmanned aerial vehicles (uavs)	0.8926	-0.4207	2	192	526	48	2022.625	44.7917	1.7534
18354	uplink	0.8467	-0.4326	2	163	371	33	2022.4848	23.9394	1.0162
18369	urban areas	-0.0196	-0.2018	1	136	223	24	2022.2083	27.2917	0.9671
18393	urllc	0.3696	0.061	3	116	211	23	2022.0435	33.7391	1.0276
18407	user association	0.9117	0.0286	2	124	243	24	2022.9583	25.7917	0.9871
18408	user authentication	-1.0981	0.1935	4	87	193	21	2022.2857	16.5238	0.8267
18450	users	0.3269	0.0309	2	93	128	14	2021	28.0714	0.7112
18455	utility	0.3591	0.5381	4	75	128	13	2021.6923	37	1.2749
18500	vanet	0.082	0.1653	1	67	98	14	2021.2143	40.7143	1.5776
18501	vanets	-0.7091	0.505	4	106	198	24	2021.7917	25.0833	1.0858
18529	vectors	0.2831	-0.613	1	122	211	21	2024.8571	1.0952	0.8231
18534	vehicle	0.0517	0.4643	3	99	149	19	2021.7895	40.9474	1.4106
18542	vehicle dynamics	0.5771	0.2164	6	292	1120	95	2023.6632	15.7263	1.2029
18577	vehicle-to-everything	0.2023	-0.203	1	140	242	24	2022.75	30.0417	1.2029
18584	vehicle-to-infrastructure	0.0829	0.5153	4	66	85	8	2022.75	16.375	0.801
18589	vehicles	0.0112	0.0594	1	282	675	72	2021.8194	45.25	1.4673
18594	vehicular ad hoc networks	-0.083	0.4324	4	178	357	33	2022.0909	32.5758	1.6749
18619	vehicular edge computing	0.5005	0.341	2	167	383	44	2022.6364	55.25	1.7215
18620	vehicular edge computing (vec)	0.7573	0.2829	6	139	356	35	2023.2286	41.7143	2.0089
18632	vehicular fog computing	0.1485	0.8674	3	55	75	6	2022.3333	31.3333	1.0718
18633	vehicular fog computing (vfc)	0.843	0.2841	6	51	76	6	2021.5	47.3333	1.5258
18644	vehicular network	0.5131	0.6307	4	89	156	17	2022.2941	33.7647	1.6702
18646	vehicular networks	0.1945	0.3718	3	274	723	81	2021.4321	57.9753	1.68
18671	verification	-0.5391	0.4237	4	55	82	13	2022.5385	7.3077	1.1809
18701	video	0.0018	-0.5635	1	86	120	14	2021.4286	118.1429	1.8999
18704	video analytics	0.2818	-0.271	1	99	166	21	2022.4286	34.2857	1.0458
18731	video streaming	0.2771	0.4759	3	69	97	10	2021	40.8	1.3489
18768	virtual machine migration	0.3303	1.0222	3	61	88	8	2022.25	51.25	1.5851
18778	virtual machining	0.2475	0.6087	3	86	141	13	2021.6154	18.1538	0.7007
18803	virtual reality	0.1064	-0.2923	3	82	122	12	2021.75	87.6667	1.8294
18812	virtual-reality	-0.3455	0.1473	3	71	94	10	2021.6	93.1	2.4315
18815	virtualization	-0.2453	0.5727	3	196	523	56	2021.1786	54.3929	1.4037
18834	vision	-0.0198	-0.1405	3	219	478	44	2021.75	78.8409	2.1861
18841	visual analytics	0.37	-0.6339	1	65	134	14	2023	11.2857	0.7147
18859	visualization	-0.1848	-0.8176	1	95	142	16	2023.5625	11.9375	0.9904
18918	vulnerabilities	-1.2213	0.2927	4	52	81	8	2022.5	66.375	2.7849
18990	wban	-0.7558	0.4238	3	61	78	7	2020.5714	86.4286	2.1639
19005	wearable devices	-0.9961	-0.3736	1	74	119	14	2023.0714	44.7857	1.4415
19016	wearable sensors	-0.4718	-0.8873	1	65	99	12	2022.5833	19.3333	0.9119
19019	wearables	-0.7461	-0.5558	1	84	120	12	2021.1667	34.0833	0.9235
19023	web	-0.4717	0.0579	3	61	94	15	2020.5333	22.5333	0.4452
19125	wireless	0.2436	-0.0635	2	275	656	93	2021.1398	27.7957	0.9242
19144	wireless cellular networks	0.9663	0.6451	6	95	172	19	2020.6842	131.5263	2.9971
19147	wireless communication	0.5998	-0.5222	2	548	3296	300	2022.42	38.8067	1.5947
19151	wireless communications	0.4161	-0.1753	2	136	227	22	2021.8182	30.0909	1.4391
19158	wireless fidelity	0.1796	-0.5989	1	172	376	42	2022.619	22.6905	1.1484
19174	wireless network	0.8634	-0.5575	2	80	126	11	2022.4545	53	2.2371
19182	wireless networks	0.369	-0.0617	2	404	1287	110	2021.8364	66.8273	2.1099
19187	wireless power transfer	1.079	-0.4759	2	131	406	48	2022.4583	75.375	1.9741
19188	wireless power transfer (wpt)	1.2273	-0.4932	2	124	354	34	2022.4118	35.0882	1.2632
19211	wireless sensor network	-0.4397	-0.0206	1	111	191	34	2020.4706	34.5294	0.8534
19213	wireless sensor networks	0.0307	-0.215	1	521	2123	248	2021.3468	37.9758	1.0022
19263	workflow	0.6073	0.874	5	90	185	18	2021.6667	27.2778	0.8634
19273	workload allocation	0.6587	0.5211	5	82	132	15	2020.7333	70.7333	0.8449
19297	wsn	-0.8166	0.5706	3	65	121	19	2020.5263	33.7368	0.4748
19320	yolo	-0.135	-0.6609	1	59	82	10	2024.5	3.8	0.761
19359	zigbee	-0.0403	-0.8211	1	52	81	12	2022.4167	16.6667	0.6981
